   4.0074552775665220       -9.6392477481978989E-002
   4.0385533238031472       -9.3513475599729556E-002
   4.0915972662002789       -8.8794843008179192E-002
   4.1618870302487867       -8.2898352612443937E-002
   4.2431787602909621       -7.6555109864467230E-002
   4.3282498111376091       -7.0425970502544621E-002
   4.4095415411797845       -6.5019981357551271E-002
   4.4798313052282923       -6.0675800196783092E-002
   4.5328752476254239       -5.7587702121144058E-002
   4.5639732938620492       -5.5849740900737022E-002
   4.5788838489950932       -5.5034867116811492E-002
   4.6099818952317184       -5.3372844358819393E-002
   4.6630258376288500       -5.0651368882454251E-002
   4.7333156016773579       -4.7254982260009459E-002
   4.8146073317195333       -4.3606696913199516E-002
   4.8996783825661803       -4.0086846669254106E-002
   4.9809701126083556       -3.6986565568006280E-002
   5.0512598766568635       -3.4498101578363305E-002
   5.1043038190539951       -3.2730706147546806E-002
   5.1354018652906204       -3.1736591461939523E-002
   5.1503124204236652       -3.1270622664757886E-002
   5.1814104666602905       -3.0320504443837715E-002
   5.2344544090574212       -2.8765531002314382E-002
   5.3047441731059291       -2.6826312551096243E-002
   5.3860359031481053       -2.4744966834409521E-002
   5.4711069539947523       -2.2738551170473076E-002
   5.5523986840369286       -2.0972643361113374E-002
   5.6226884480854364       -1.9556128795868655E-002
   5.6757323904825672       -1.8550557297642656E-002
   5.7068304367191924       -1.7985126481960489E-002
   5.7217409918522364       -1.7720137456828322E-002
   5.7528390380888617       -1.7179907069869937E-002
   5.8058829804859933       -1.6296010972226993E-002
   5.8761727445345011       -1.5194132809899563E-002
   5.9574644745766765       -1.4012032511896200E-002
   6.0425355254233235       -1.2873012083090996E-002
   6.1238272554654989       -1.1870949153148458E-002
   6.1941170195140067       -1.1067435158257255E-002
   6.2471609619111383       -1.0497181695207525E-002
   6.2782590081477636       -1.0176585484287348E-002
   6.2931695632808076       -1.0026352040001685E-002
   6.3242676095174328       -9.7201001247796404E-003
   6.3773115519145644       -9.2191064813500478E-003
   6.4476013159630723       -8.5946980781406168E-003
   6.5288930460052477       -7.9249994438769233E-003
   6.6139640968518947       -7.2798729187696365E-003
   6.6952558268940701       -6.7124518040566628E-003
   6.7655455909425779       -6.2575503912286612E-003
   6.8185895333397095       -5.9347560539489974E-003
   6.8496875795763348       -5.7532990728357269E-003
   6.8645981347093787       -5.6682715800336902E-003
   6.8956961809460040       -5.4949511691309016E-003
   6.9487401233431347       -5.2114437135313274E-003
   7.0190298873916426       -4.8581408244322555E-003
   7.1003216174338188       -4.4792657593402119E-003
   7.1853926682804659       -4.1143448630712731E-003
   7.2666843983226421       -3.7934213925081561E-003
   7.3369741623711500       -3.5361659706535375E-003
   7.3900181047682807       -3.3536351925557151E-003
   7.4211161510049060       -3.2510322386972712E-003
   7.4360267061379508       -3.2029557359791738E-003
   7.4671247523745761       -3.1049591589855652E-003
   7.5201686947717077       -2.9446700780597634E-003
   7.5904584588202155       -2.7449340790313137E-003
   7.6717501888623909       -2.5307582966195286E-003
   7.7568212397090379       -2.3244875142069965E-003
   7.8381129697512133       -2.1430997959508424E-003
   7.9084027337997211       -1.9977068035437195E-003
   7.9614466761968528       -1.8945508818278833E-003
   7.9925447224334780       -1.8365673869105148E-003


   4.0074552775665220        8.5083593223268121E-023
   4.0385533238031472        3.5416075166996529E-023
   4.0915972662002789        7.8015359354662004E-024
   4.1618870302487867        1.0150499572071965E-024
   4.2431787602909621        9.1360267367614611E-026
   4.3282498111376091        6.9474392087381327E-027
   4.4095415411797845        5.6118724985893456E-028
   4.4798313052282923        6.1061771851354557E-029
   4.5328752476254239        1.1153839916493634E-029
   4.5639732938620492        4.0738933713176358E-030
   4.5788838489950932        2.5066346159335527E-030
   4.6099818952317184        9.0511810671226693E-031
   4.6630258376288500        1.5644955993695884E-031
   4.7333156016773579        1.4761555838795789E-032
   4.8146073317195333        9.1624127224619923E-034
   4.8996783825661803        4.7226064552438478E-035
   4.9809701126083556        2.6307075357112054E-036
   5.0512598766568635        2.0757959466514644E-037
   5.1043038190539951        2.9752884394024787E-038
   5.1354018652906204        9.4270093417903804E-039
   5.1503124204236652        5.4181708890391460E-039
   5.1814104666602905        1.6971746280027418E-039
   5.2344544090574212        2.3018924789801469E-040
   5.3047441731059291        1.5750462301771634E-041
   5.3860359031481053        6.7418454892126196E-043
   5.4711069539947523        2.3553487062087163E-044
   5.5523986840369286        9.0480251231263226E-046
   5.6226884480854364        5.1774554706188553E-047
   5.6757323904825672        5.8230456924657223E-048
   5.7068304367191924        1.6004962930395193E-048
   5.7217409918522364        8.5927231550408890E-049
   5.7528390380888617        2.3348783797235869E-049
   5.8058829804859933        2.4849186605117984E-050
   5.8761727445345011        1.2330223048974064E-051
   5.9574644745766765        3.6396883184550466E-053
   6.0425355254233235        8.6187666976424107E-055
   6.1238272554654989        2.2832395687139448E-056
   6.1941170195140067        9.4746797748166987E-058
   6.2471609619111383        8.3615689735797968E-059
   6.2782590081477636        1.9936635243657126E-059
   6.2931695632808076        9.9982823327563160E-060
   6.3242676095174328        2.3567767889026556E-060
   6.3773115519145644        1.9681390411576522E-061
   6.4476013159630723        7.0821482838904771E-063
   6.5288930460052477        1.4416706266238690E-064
   6.6139640968518947        2.3139367963259806E-066
   6.6952558268940701        4.2273248443981703E-068
   6.7655455909425779        1.2721231743813208E-069
   6.8185895333397095        8.8093083265177465E-071
   6.8496875795763348        1.8220718946259215E-071
   6.8645981347093787        8.5356466489521767E-072
   6.8956961809460040        1.7453763875523035E-072
   6.9487401233431347        1.1437097691424846E-073
   7.0190298873916426        2.9845272864256974E-075
   7.1003216174338188        4.1897138324234604E-077
   7.1853926682804659        4.5579999401953166E-079
   7.2666843983226421        5.7424367093290405E-081
   7.3369741623711500        1.2531707321803445E-082
   7.3900181047682807        6.8094541511106699E-084
   7.4211161510049060        1.2217873117075322E-084
   7.4360267061379508        5.3464303773130760E-085
   7.4671247523745761        9.4836648057858720E-086
   7.5201686947717077        4.8763216033726264E-087
   7.5904584588202155        9.2278929438604043E-089
   7.6717501888623909        8.9334482648398361E-091
   7.7568212397090379        6.5873932950623223E-093
   7.8381129697512133        5.7232572617822730E-095
   7.9084027337997211        9.0574882208784428E-097
   7.9614466761968528        3.8618841805876726E-098
   7.9925447224334780        6.0109368803612981E-099

   4.0074552775665220        2.6144300900720840     
   4.0385533238031472        2.6259460976010818     
   4.0915972662002789        2.6448206279672832     
   4.1618870302487867        2.6684065895502243     
   4.2431787602909621        2.6937795605421311     
   4.3282498111376091        2.7182961179898215     
   4.4095415411797845        2.7399200745697949     
   4.4798313052282923        2.7572967992128676     
   4.5328752476254239        2.7696491915154238     
   4.5639732938620492        2.7766010363970519     
   4.5788838489950932        2.7798605315327540     
   4.6099818952317184        2.7865086225647224     
   4.6630258376288500        2.7973945244701830     
   4.7333156016773579        2.8109800709599622     
   4.8146073317195333        2.8255732123472019     
   4.8996783825661803        2.8396526133229836     
   4.9809701126083556        2.8520537377279749     
   5.0512598766568635        2.8620075936865468     
   5.1043038190539951        2.8690771754098128     
   5.1354018652906204        2.8730536341522419     
   5.1503124204236652        2.8749175093409685     
   5.1814104666602905        2.8787179822246491     
   5.2344544090574212        2.8849378759907425     
   5.3047441731059291        2.8926947497956150     
   5.3860359031481053        2.9010201326623619     
   5.4711069539947523        2.9090457953181077     
   5.5523986840369286        2.9161094265555465     
   5.6226884480854364        2.9217754848165254     
   5.6757323904825672        2.9257977708094294     
   5.7068304367191924        2.9280594940721580     
   5.7217409918522364        2.9291194501726867     
   5.7528390380888617        2.9312803717205203     
   5.8058829804859933        2.9348159561110920     
   5.8761727445345011        2.9392234687604017     
   5.9574644745766765        2.9439518699524152     
   6.0425355254233235        2.9485079516676360     
   6.1238272554654989        2.9525162033874062     
   6.1941170195140067        2.9557302593669710     
   6.2471609619111383        2.9580112732191699     
   6.2782590081477636        2.9592936580628506     
   6.2931695632808076        2.9598945918399933     
   6.3242676095174328        2.9611195995008814     
   6.3773115519145644        2.9631235740745998     
   6.4476013159630723        2.9656212076874375     
   6.5288930460052477        2.9683000022244923     
   6.6139640968518947        2.9708805083249215     
   6.6952558268940701        2.9731501927837733     
   6.7655455909425779        2.9749697984350854     
   6.8185895333397095        2.9762609757842040     
   6.8496875795763348        2.9769868037086571     
   6.8645981347093787        2.9773269136798652     
   6.8956961809460040        2.9780201953234764     
   6.9487401233431347        2.9791542251458747     
   7.0190298873916426        2.9805674367022710     
   7.1003216174338188        2.9820829369626392     
   7.1853926682804659        2.9835426205477149     
   7.2666843983226421        2.9848263144299674     
   7.3369741623711500        2.9858553361173858     
   7.3900181047682807        2.9865854592297771     
   7.4211161510049060        2.9869958710452109     
   7.4360267061379508        2.9871881770560833     
   7.4671247523745761        2.9875801633640577     
   7.5201686947717077        2.9882213196877609     
   7.5904584588202155        2.9890202636838747     
   7.6717501888623909        2.9898769668135219     
   7.7568212397090379        2.9907020499431720     
   7.8381129697512133        2.9914276008161966     
   7.9084027337997211        2.9920091727858251     
   7.9614466761968528        2.9924217964726885     
   7.9925447224334780        2.9926537304523579     


   4.0074552775665220        0.0000000000000000     
   4.0385533238031472        0.0000000000000000     
   4.0915972662002789        0.0000000000000000     
   4.1618870302487867        0.0000000000000000     
   4.2431787602909621        0.0000000000000000     
   4.3282498111376091        0.0000000000000000     
   4.4095415411797845        0.0000000000000000     
   4.4798313052282923        0.0000000000000000     
   4.5328752476254239        0.0000000000000000     
   4.5639732938620492        0.0000000000000000     
   4.5788838489950932        0.0000000000000000     
   4.6099818952317184        0.0000000000000000     
   4.6630258376288500        0.0000000000000000     
   4.7333156016773579        0.0000000000000000     
   4.8146073317195333        0.0000000000000000     
   4.8996783825661803        0.0000000000000000     
   4.9809701126083556        0.0000000000000000     
   5.0512598766568635        0.0000000000000000     
   5.1043038190539951        0.0000000000000000     
   5.1354018652906204        0.0000000000000000     
   5.1503124204236652        0.0000000000000000     
   5.1814104666602905        0.0000000000000000     
   5.2344544090574212        0.0000000000000000     
   5.3047441731059291        0.0000000000000000     
   5.3860359031481053        0.0000000000000000     
   5.4711069539947523        0.0000000000000000     
   5.5523986840369286        0.0000000000000000     
   5.6226884480854364        0.0000000000000000     
   5.6757323904825672        0.0000000000000000     
   5.7068304367191924        0.0000000000000000     
   5.7217409918522364        0.0000000000000000     
   5.7528390380888617        0.0000000000000000     
   5.8058829804859933        0.0000000000000000     
   5.8761727445345011        0.0000000000000000     
   5.9574644745766765        0.0000000000000000     
   6.0425355254233235        0.0000000000000000     
   6.1238272554654989        0.0000000000000000     
   6.1941170195140067        0.0000000000000000     
   6.2471609619111383        0.0000000000000000     
   6.2782590081477636        0.0000000000000000     
   6.2931695632808076        0.0000000000000000     
   6.3242676095174328        0.0000000000000000     
   6.3773115519145644        0.0000000000000000     
   6.4476013159630723        0.0000000000000000     
   6.5288930460052477        0.0000000000000000     
   6.6139640968518947        0.0000000000000000     
   6.6952558268940701        0.0000000000000000     
   6.7655455909425779        0.0000000000000000     
   6.8185895333397095        0.0000000000000000     
   6.8496875795763348        0.0000000000000000     
   6.8645981347093787        0.0000000000000000     
   6.8956961809460040        0.0000000000000000     
   6.9487401233431347        0.0000000000000000     
   7.0190298873916426        0.0000000000000000     
   7.1003216174338188        0.0000000000000000     
   7.1853926682804659        0.0000000000000000     
   7.2666843983226421        0.0000000000000000     
   7.3369741623711500        0.0000000000000000     
   7.3900181047682807        0.0000000000000000     
   7.4211161510049060        0.0000000000000000     
   7.4360267061379508        0.0000000000000000     
   7.4671247523745761        0.0000000000000000     
   7.5201686947717077        0.0000000000000000     
   7.5904584588202155        0.0000000000000000     
   7.6717501888623909        0.0000000000000000     
   7.7568212397090379        0.0000000000000000     
   7.8381129697512133        0.0000000000000000     
   7.9084027337997211        0.0000000000000000     
   7.9614466761968528        0.0000000000000000     
   7.9925447224334780        0.0000000000000000     

   4.0074552775665220        3.8781556093971992E-017
   4.0385533238031472        1.8281114913870830E-017
   4.0915972662002789        4.9788509722488484E-018
   4.1618870302487867        8.5810860627629196E-019
   4.2431787602909621        1.0691297177642434E-019
   4.3282498111376091        1.1425661324536412E-020
   4.4095415411797845        1.2775637657333061E-021
   4.4798313052282923        1.8414079736032307E-022
   4.5328752476254239        4.1586444395422635E-023
   4.5639732938620492        1.7201244949335764E-023
   4.5788838489950932        1.1234235994229572E-023
   4.6099818952317184        4.5938901107804772E-024
   4.6630258376288500        9.8173994339805537E-025
   4.7333156016773579        1.2270438289503560E-025
   4.8146073317195333        1.0542800580794885E-026
   4.8996783825661803        7.6368005675193598E-028
   4.9809701126083556        5.8887139812008015E-029
   5.0512598766568635        6.1551462747697389E-030
   5.1043038190539951        1.0907608944227086E-030
   5.1354018652906204        3.9137876775640609E-031
   5.1503124204236652        2.3876920308061130E-031
   5.1814104666602905        8.4698356152125426E-032
   5.2344544090574212        1.4203005353496255E-032
   5.3047441731059291        1.2873432168386997E-033
   5.3860359031481053        7.6277778743673666E-035
   5.4711069539947523        3.7450533371994569E-036
   5.5523986840369286        1.9914746902299388E-037
   5.6226884480854364        1.5095350191830528E-038
   5.6757323904825672        2.0990548347065733E-039
   5.7068304367191924        6.5335782703349025E-040
   5.7217409918522364        3.7233128787506071E-040
   5.7528390380888617        1.1457393159251133E-040
   5.8058829804859933        1.5075804456671258E-041
   5.8761727445345011        9.9093479415052074E-043
   5.9574644745766765        4.0490816914020369E-044
   6.0425355254233235        1.3474759444720445E-045
   6.1238272554654989        4.9413495536160554E-047
   6.1941170195140067        2.7162169952404718E-048
   6.2471609619111383        2.9637015284422621E-049
   6.2782590081477636        8.0024209039549989E-050
   6.2931695632808076        4.2598784827520377E-050
   6.3242676095174328        1.1371378257986607E-050
   6.3773115519145644        1.1740786646751570E-051
   6.4476013159630723        5.5964452842537573E-053
   6.5288930460052477        1.5769992818386469E-054
   6.6139640968518947        3.5571361620680008E-056
   6.6952558268940701        8.9956555681061724E-058
   6.7655455909425779        3.5859331363616581E-059
   6.8185895333397095        3.0701641746285685E-060
   6.8496875795763348        7.1913121068426957E-061
   6.8645981347093787        3.5758668906854001E-061
   6.8956961809460040        8.2805055319068501E-062
   6.9487401233431347        6.7085761207913283E-063
   7.0190298873916426        2.3189741193067788E-064
   7.1003216174338188        4.5063291241374450E-066
   7.1853926682804659        6.8896381664374573E-068
   7.2666843983226421        1.2015352468066597E-069
   7.3369741623711500        3.4734125409907570E-071
   7.3900181047682807        2.3334859515878329E-072
   7.4211161510049060        4.7414518076642804E-073
   7.4360267061379508        2.2023276585176535E-073
   7.4671247523745761        4.4240197036619924E-074
   7.5201686947717077        2.8124186115474001E-075
   7.5904584588202155        7.0501116837664644E-077
   7.6717501888623909        9.4478018289465354E-079
   7.7568212397090379        9.7905884163450573E-081
   7.8381129697512133        1.1774884815749187E-082
   7.9084027337997211        2.4684651718412705E-084
   7.9614466761968528        1.3012634666850061E-085
   7.9925447224334780        2.2936703424366439E-086

   4.0074552775665220        4.4216451351081263     
   4.0385533238031472        4.4389191464016227     
   4.0915972662002789        4.4672309419509251     
   4.1618870302487867        4.5026098843253362     
   4.2431787602909621        4.5406693408131966     
   4.3282498111376091        4.5774441769847325     
   4.4095415411797845        4.6098801118546922     
   4.4798313052282923        4.6359451988193019     
   4.5328752476254239        4.6544737872731359     
   4.5639732938620492        4.6649015545955779     
   4.5788838489950932        4.6697907972991306     
   4.6099818952317184        4.6797629338470834     
   4.6630258376288500        4.6960917867052743     
   4.7333156016773579        4.7164701064399432     
   4.8146073317195333        4.7383598185208031     
   4.8996783825661803        4.7594789199844758     
   4.9809701126083556        4.7780806065919625     
   5.0512598766568635        4.7930113905298199     
   5.1043038190539951        4.8036157631147187     
   5.1354018652906204        4.8095804512283626     
   5.1503124204236652        4.8123762640114531     
   5.1814104666602905        4.8180769733369733     
   5.2344544090574212        4.8274068139861139     
   5.3047441731059291        4.8390421246934228     
   5.3860359031481053        4.8515301989935429     
   5.4711069539947523        4.8635686929771618     
   5.5523986840369286        4.8741641398333195     
   5.6226884480854364        4.8826632272247883     
   5.6757323904825672        4.8886966562141438     
   5.7068304367191924        4.8920892411082368     
   5.7217409918522364        4.8936791752590301     
   5.7528390380888617        4.8969205575807804     
   5.8058829804859933        4.9022239341666385     
   5.8761727445345011        4.9088352031406028     
   5.9574644745766765        4.9159278049286232     
   6.0425355254233235        4.9227619275014538     
   6.1238272554654989        4.9287743050811095     
   6.1941170195140067        4.9335953890504562     
   6.2471609619111383        4.9370169098287544     
   6.2782590081477636        4.9389404870942757     
   6.2931695632808076        4.9398418877599894     
   6.3242676095174328        4.9416793992513224     
   6.3773115519145644        4.9446853611118993     
   6.4476013159630723        4.9484318115311563     
   6.5288930460052477        4.9524500033367387     
   6.6139640968518947        4.9563207624873824     
   6.6952558268940701        4.9597252891756600     
   6.7655455909425779        4.9624546976526283     
   6.8185895333397095        4.9643914636763062     
   6.8496875795763348        4.9654802055629856     
   6.8645981347093787        4.9659903705197976     
   6.8956961809460040        4.9670302929852141     
   6.9487401233431347        4.9687313377188120     
   7.0190298873916426        4.9708511550534062     
   7.1003216174338188        4.9731244054439587     
   7.1853926682804659        4.9753139308215726     
   7.2666843983226421        4.9772394716449515     
   7.3369741623711500        4.9787830041760790     
   7.3900181047682807        4.9798781888446655     
   7.4211161510049060        4.9804938065678162     
   7.4360267061379508        4.9807822655841250     
   7.4671247523745761        4.9813702450460866     
   7.5201686947717077        4.9823319795316419     
   7.5904584588202155        4.9835303955258121     
   7.6717501888623909        4.9848154502202826     
   7.7568212397090379        4.9860530749147580     
   7.8381129697512133        4.9871414012242949     
   7.9084027337997211        4.9880137591787381     
   7.9614466761968528        4.9886326947090325     
   7.9925447224334780        4.9889805956785374     


