   3.0099999999999998       0.68417435694201656      -0.13774003681068947       -7.9392037351906364E-003 -0.50578537604014551     
   3.0119819819819820       0.68377373250324824      -0.14049748163692802       -8.8614886603654748E-003 -0.56143618406244455     
   3.0139639639639637       0.68337182328769408      -0.14334208540613994       -9.7568370190064015E-003 -0.61477727624845435     
   3.0159459459459459       0.68296853255717482      -0.14627820185166784       -1.0636358824010322E-002 -0.66654138500657512     
   3.0179279279279276       0.68256375722776819      -0.14931047419044355       -1.1508027513065016E-002 -0.71724982623759914     
   3.0199099099099098       0.68215738734115272      -0.15244385965760832       -1.2377917671415061E-002 -0.76729490096108155     
   3.0218918918918916       0.68174930548082491      -0.15568365658341141       -1.3250894892944795E-002 -0.81698587246586774     
   3.0238738738738737       0.68133938612617884      -0.15903553432483508       -1.4131028866505913E-002 -0.86657650091407223     
   3.0258558558558555       0.68092749493665539      -0.16250556640891328       -1.5021855601147407E-002 -0.91628249974733056     
   3.0278378378378377       0.68051348795712330      -0.16610026729684574       -1.5926552432682893E-002 -0.96629314715231696     
   3.0298198198198194       0.68009721073456153      -0.16982663323850206       -1.6848060226477238E-002  -1.0167793441526551     
   3.0318018018018016       0.67967849733370289      -0.17369218775801115       -1.7789172454520510E-002  -1.0678994304209375     
   3.0337837837837838       0.67925716923884150      -0.17770503239426741       -1.8752602948721230E-002  -1.1198035440135499     
   3.0357657657657655       0.67883303412540685      -0.18187390341821694       -1.9741039715946873E-002  -1.1726370163094741     
   3.0377477477477477       0.67840588448382122      -0.18620823536442832       -2.0757189624232075E-002  -1.2265431209284876     
   3.0397297297297294       0.67797549607384200      -0.19071823235111368       -2.1803817218402674E-002  -1.2816653911109170     
   3.0417117117117116       0.67754162618523228      -0.19541494832563872       -2.2883779967132992E-002  -1.3381496553227026     
   3.0436936936936934       0.67710401167556644      -0.20031037756595116       -2.4000061645804309E-002  -1.3961458999482443     
   3.0456756756756755       0.67666236675132296      -0.20541755700023073       -2.5155805186767067E-002  -1.4558100418970477     
   3.0476576576576573       0.67621638045245558      -0.21075068218490656       -2.6354346102348762E-002  -1.5173056775253058     
   3.0496396396396395       0.67576571379300054      -0.21632523911630067       -2.7599247460420868E-002  -1.5808058643427565     
   3.0516216216216212       0.67530999650179935      -0.22215815445625250       -2.8894337339908843E-002  -1.6464949866430096     
   3.0536036036036034       0.67484882329688267      -0.22826796724388729       -3.0243749698957063E-002  -1.7145707543579585     
   3.0555855855855856       0.67438174961316866      -0.23467502576644780       -3.1651969643402465E-002  -1.7852463854589684     
   3.0575675675675673       0.67390828668859359      -0.24140171399672189       -3.3123884185224869E-002  -1.8587530258130116     
   3.0595495495495495       0.67342789589250041      -0.24847271291062484       -3.4664839731543239E-002  -1.9353424665320618     
   3.0615315315315312       0.67293998215737505      -0.25591530311804905       -3.6280707749980906E-002  -2.0152902276830242     
   3.0635135135135134       0.67244388634346897      -0.26375971663282288       -3.7977960325305794E-002  -2.0988990891520389     
   3.0654954954954952       0.67193887632895255      -0.27203954734941932       -3.9763757669405861E-002  -2.1865031650817497     
   3.0674774774774773       0.67142413657002176      -0.28079223198333003       -4.1646050090994181E-002  -2.2784726384888030     
   3.0694594594594591       0.67089875581598701      -0.29005961600278873       -4.3633697499998472E-002  -2.3752192986367615     
   3.0714414414414413       0.67036171258707866      -0.29988862260580346       -4.5736610250127499E-002  -2.4772030571248771     
   3.0734234234234235       0.66981185792492681      -0.31033204731767644       -4.7965916060837513E-002  -2.5849396617119274     
   3.0754054054054052       0.66924789479900759      -0.32144950661744814       -5.0334158973187361E-002  -2.6990098826642575     
   3.0773873873873874       0.66866835338765307      -0.33330857659105517       -5.2855537874555783E-002  -2.8200705191375737     
   3.0793693693693691       0.66807156123588429      -0.34598616755424355       -5.5546194200765037E-002  -2.9488676685343265     
   3.0813513513513513       0.66745560700761597      -0.35957019373781751       -5.8424561167096094E-002  -3.0862528280702639     
   3.0833333333333330       0.66681829616807631      -0.37416161466745107       -6.1511790539867321E-002  -3.2332025663301396     
   3.0853153153153152       0.66615709642037657      -0.38987694849256183       -6.4832277890799594E-002  -3.3908427296619581     
   3.0872972972972970       0.66546907002140743      -0.40685138966075751       -6.8414313986269903E-002  -3.5604784572952490     
   3.0892792792792791       0.66475078914335339      -0.42524270755487059       -7.2290899195475322E-002  -3.7436317042813458     
   3.0912612612612609       0.66399822910922635      -0.44523616426699264       -7.6500770653711803E-002  -3.9420885633242451     
   3.0932432432432431       0.66320663244814326      -0.46705077648184146       -8.1089710039497387E-002  -4.1579595113052150     
   3.0952252252252253       0.66237033402081857      -0.49094737051947562       -8.6112225730746589E-002  -4.3937568995873653     
   3.0972072072072070       0.66148253355785958      -0.51723905963423655       -9.1633740698372101E-002  -4.6524957387759436     
   3.0991891891891892       0.66053499618805400      -0.54630503821479737       -9.7733472941133895E-002  -4.9378263825130304     
   3.1011711711711709       0.65951765287902486      -0.57860898619732248      -0.10450827850647669       -5.2542115490952801     
   3.1031531531531531       0.65841805946188903      -0.61472398732547728      -0.11207785457622969       -5.6071659895224695     
   3.1051351351351348       0.65722065218715253      -0.65536681953872866      -0.12059189942494927       -6.0035862920187384     
   3.1071171171171170       0.65590570455815944      -0.70144600502054688      -0.13024014536408501       -6.4522130208070783     
   3.1090990990990988       0.65444783557342978      -0.75413052311902362      -0.14126670605632116       -6.9642915817969300     
   3.1110810810810809       0.65281382694435519      -0.81495035304545205      -0.15399106983801275       -7.5545392144502559     
   3.1130630630630627       0.65095934459083560      -0.88594748738895235      -0.16883963127780055       -8.2425973925323497     
   3.1150450450450449       0.64882386411870352      -0.96990967331520872      -0.18639449616846035       -9.0552798684515601     
   3.1170270270270271       0.64632253707427012       -1.0707450667780651      -0.20747170898095924       -10.030175966250983     
   3.1190090090090088       0.64333260597683539       -1.1941079793485794      -0.23325190815314265       -11.221668790024959     
   3.1209909909909910       0.63966956986338952       -1.3484967339463321      -0.26550955715326369       -12.711494000762048     
   3.1229729729729727       0.63504278094362587       -1.5472989587862125      -0.30703999951928651       -14.628410703321576     
   3.1249549549549549       0.62896628413437294       -1.8128984707521172      -0.36251697133358440       -17.187699938187063     
   3.1269369369369366       0.62056163947253251       -2.1857576119527380      -0.44038898244929159       -20.778515242728190     
   3.1289189189189188       0.60806142931933749       -2.7472865561738398      -0.55765440076814743       -26.183831193267309     
   3.1309009009009006       0.58730383005974263       -3.6891859084899679      -0.75434010532163653       -35.247354905091733     
   3.1328828828828827       0.54560120310698812       -5.5958698793814019       -1.1524711120297990       -53.589767748650189     
   3.1348648648648645       0.41698863901529803       -11.505794802732881       -2.3864735374829458       -110.43382122520140     
   3.1368468468468467        5.6991126276960404        231.81202971572100        48.417984773335853        2229.7025612462189     
   3.1388288288288289       0.89473625451841332        10.528393774054159        2.2142065608033183        101.47385046982106     
   3.1408108108108106       0.78314970220453040        5.4026543518243599        1.1439427610978012        52.171949444217539     
   3.1427927927927928       0.74459574203181589        3.6409005304763538       0.77607569729376147        35.223664915657118     
   3.1447747747747745       0.72494208195846688        2.7497065449704108       0.58998099607798138        26.648148224173219     
   3.1467567567567567       0.71295535727374548        2.2116445167824743       0.47762031318944353        21.468968148230761     
   3.1487387387387384       0.70483238111024094        1.8515332525978396       0.40241600916045156        18.001295640810408     
   3.1507207207207206       0.69892859008056019        1.5936214436473550       0.34855128765317434        15.516581577371159     
   3.1527027027027024       0.69441685551394072        1.3998102198056974       0.30807113758155552        13.648404110559559     
   3.1546846846846845       0.69083573359160289        1.2488447789869888       0.27653756984406258        12.192341450121067     
   3.1566666666666663       0.68790748598761975        1.1279321069619546       0.25127940708423158        11.025354188239380     
   3.1586486486486485       0.68545493585489059        1.0289112220152132       0.23059263527104518        10.068952126395940     
   3.1606306306306307       0.68335973216521029       0.94633075915701514       0.21333900552986185        9.2707051892527819     
   3.1626126126126124       0.68153980664408376       0.87641059803041710       0.19872922325597348        8.5942567441745723     
   3.1645945945945946       0.67993645940117198       0.81644700499755718       0.18619874246658591        8.0136024762923235     
   3.1665765765765763       0.67850659402737579       0.76445496844796912       0.17533308581901422        7.5096505003959226     
   3.1685585585585585       0.67721785592459849       0.71894426197911199       0.16582108685176114        7.0680676181525488     
   3.1705405405405402       0.67604548174579338       0.67877432422280581       0.15742458904925394        6.6778836047642276     
   3.1725225225225224       0.67497019626150390       0.64305738494222764       0.14995821867172543        6.3305595104880972     
   3.1745045045045042       0.67397677172021497       0.61109210671797876       0.14327552920491146        6.0193494498747269     
   3.1764864864864863       0.67305301837820541       0.58231708703268026       0.13725929263824505        5.7388534010333716     
   3.1784684684684681       0.67218906279914414       0.55627761553855382       0.13181455841026338        5.4846974884024586     
   3.1804504504504503       0.67137682255801223       0.53260147802154822       0.12686360129427862        5.2533012733509867     
   3.1824324324324325       0.67060961769631633       0.51098105938616367       0.12234218451260861        5.0417056264801801     
   3.1844144144144142       0.66988187912221475       0.49115991206982179       0.11819675522782015        4.8474435468145884     
   3.1863963963963964       0.66918892686169584       0.47292254193183336       0.11438231183960129        4.6684419255295850     
   3.1883783783783781       0.66852679938964787       0.45608654695568895       0.11086076254612992        4.5029459381747543     
   3.1903603603603603       0.66789212082041138       0.44049649983596650       0.10759964802811836        4.3494602090251915     
   3.1923423423423420       0.66728199651349174       0.42601913940555802       0.10457113740243165        4.2067025627136205     
   3.1943243243243242       0.66669393022247314       0.41253955438920181       0.10175123144929638        4.0735673232342657     
   3.1963063063063060       0.66612575783318628       0.39995813127620516        9.9119125210048648E-002   3.9490959538792554     
   3.1982882882882882       0.66557559385229215       0.38818808951023298        9.6656693437911889E-002   3.8324533559562450     
   3.2002702702702699       0.66504178795175339       0.37715347986196224        9.4348072605118322E-002   3.7229086151034694     
   3.2022522522522521       0.66452288938945892       0.36678754559491422        9.2179318718933409E-002   3.6198192394902784     
   3.2042342342342343       0.66401761770170964       0.35703137252202638        9.0138125449589282E-002   3.5226181760979554     
   3.2062162162162160       0.66352483841304044       0.34783277016840120        8.8213590512990894E-002   3.4308030497093673     
   3.2081981981981982       0.66304354278892741       0.33914533916189876        8.6396020937883275E-002   3.3439271929909662     
   3.2101801801801799       0.66257283086774288       0.33092768966348063        8.4676769870152102E-002   3.2615921292381276     
   3.2121621621621621       0.66211189716836483       0.32314278304953403        8.3048099112212032E-002   3.1834412405303247     
   3.2141441441441438       0.66166001859397772       0.31575737475035937        8.1503062783876853E-002   3.1091544087875018     
   3.2161261261261260       0.66121654414811559       0.30874154056361436        8.0035408412967649E-002   3.0384434596739065     
   3.2181081081081078       0.66078088615386443       0.30206827220776922        7.8639492483263074E-002   2.9710482724426961     
   3.2200900900900900       0.66035251272597340       0.29571313058769572        7.7310208032915051E-002   2.9067334448492343     
   3.2220720720720717       0.65993094129226115       0.28965394738876910        7.6042922343944830E-002   2.8452854228846740     
   3.2240540540540539       0.65951573299749255       0.28387056731836108        7.4833423119029352E-002   2.7865100214544416     
   3.2260360360360361       0.65910648785241210       0.27834462467888560        7.3677871826833080E-002   2.7302302752575316     
   3.2280180180180178       0.65870284051508410       0.27305934905319429        7.2572763126110038E-002   2.6762845696698250     
   3.2300000000000000       0.65830445660992065       0.26799939577090809        7.1514889464158515E-002   2.6245250099729907     
   3.2319819819819817       0.65791102950672020       0.26315069754544290        7.0501310095831354E-002   2.5748159942057720     
   3.2339639639639639       0.65752227749322112       0.25850033426001123        6.9529323892166275E-002   2.5270329605764310     
   3.2359459459459456       0.65713794128705760       0.25403641836455143        6.8596445408647677E-002   2.4810612850245435     
   3.2379279279279278       0.65675778183984912       0.24974799374241705        6.7700383766068462E-002   2.4367953083395699     
   3.2399099099099096       0.65638157839449718       0.24562494623575704        6.6839023965816022E-002   2.3941374754177573     
   3.2418918918918918       0.65600912676213985       0.24165792429071534        6.6010410318259369E-002   2.3529975718555223     
   3.2438738738738735       0.65564023779047120       0.23783826841199679        6.5212731710610067E-002   2.3132920452767340     
   3.2458558558558557       0.65527473599886965       0.23415794830655198        6.4444308480369056E-002   2.2749434006182927     
   3.2478378378378379       0.65491245835962641       0.23060950675596706        6.3703580693789605E-002   2.2378796601377897     
   3.2498198198198196       0.65455325320743973       0.22718600939206471        6.2989097657018489E-002   2.2020338802028112     
   3.2518018018018018       0.65419697926151854       0.22388099966369884        6.2299508511206393E-002   2.1673437180135764     
   3.2537837837837835       0.65384350474702135       0.22068845837939535        6.1633553783144515E-002   2.1337510423412192     
   3.2557657657657657       0.65349270660429148       0.21760276729241218        6.0990057780035294E-002   2.1012015831506541     
   3.2577477477477474       0.65314446977583585       0.21461867626476810        6.0367921731566562E-002   2.0696446156499064     
   3.2597297297297296       0.65279868656216500       0.21173127360629629        5.9766117595040427E-002   2.0390326748816556     
   3.2617117117117114       0.65245525603893295       0.20893595923641944        5.9183682449917799E-002   2.0093212974678103     
   3.2636936936936936       0.65211408352871980       0.20622842035997666        5.8619713417369504E-002   1.9804687875382072     
   3.2656756756756753       0.65177508012142915       0.20360460938661948        5.8073363048300644E-002   1.9524360042423787     
   3.2676576576576575       0.65143816223830353       0.20106072385609336        5.7543835130313511E-002   1.9251861685571374     
   3.2696396396396397       0.65110325123488577       0.19859318815973254        5.7030380869707971E-002   1.8986846873744367     
   3.2716216216216214       0.65077027303911428       0.19619863687371306        5.6532295410111288E-002   1.8728989930945532     
   3.2736036036036036       0.65043915782061124       0.19387389954040185        5.6048914653468083E-002   1.8477983971503369     
   3.2755855855855853       0.65010983968857627       0.19161598675322072        5.5579612353302013E-002   1.8233539560723784     
   3.2775675675675675       0.64978225641487186       0.18942207741660699        5.5123797453325289E-002   1.7995383488594034     
   3.2795495495495492       0.64945634918035344       0.18728950706681485        5.4680911647626389E-002   1.7763257645547681     
   3.2815315315315314       0.64913206234212084       0.18521575715201039        5.4250427141185192E-002   1.7536917990526986     
   3.2835135135135136       0.64880934321925088       0.18319844518086684        5.3831844591755690E-002   1.7316133602606305     
   3.2854954954954954       0.64848814189608472       0.18123531565875220        5.3424691216256280E-002   1.7100685808394149     
   3.2874774774774771       0.64816841104061240       0.17932423173893675        5.3028519046466084E-002   1.6890367378231557     
   3.2894594594594593       0.64785010573744539       0.17746316752391494        5.2642903320509742E-002   1.6684981784947124     
   3.2914414414414415       0.64753318333309628       0.17565020095849840        5.2267440997934497E-002   1.6484342519552151     
   3.2934234234234232       0.64721760329346756       0.17388350726229054        5.1901749387436136E-002   1.6288272458837758     
   3.2954054054054054       0.64690332707172815       0.17216135285440620        5.1545464877389431E-002   1.6096603280338699     
   3.2973873873873871       0.64659031798605049       0.17048208972783910        5.1198241760309508E-002   1.5909174920569589     
   3.2993693693693693       0.64627854110626515       0.16884415023524765        5.0859751143222061E-002   1.5725835072849508     
   3.3013513513513510       0.64596796314872984       0.16724604225132220        5.0529679936700024E-002   1.5546438721370124     
   3.3033333333333332       0.64565855237870495       0.16568634468054191        5.0207729916051519E-002   1.5370847708499300     
   3.3053153153153150       0.64535027851944438       0.16416370328172392        4.9893616848653490E-002   1.5198930332579352     
   3.3072972972972972       0.64504311266787151       0.16267682678374665        4.9587069682128011E-002   1.5030560973742260     
   3.3092792792792789       0.64473702721594739       0.16122448326894406        4.9287829788409288E-002   1.4865619745491583     
   3.3112612612612611       0.64443199577728894       0.15980549680287912        4.8995650259303879E-002   1.4703992169998938     
   3.3132432432432433       0.64412799311882063       0.15841874429122804        4.8710295249461549E-002   1.4545568875255939     
   3.3152252252252250       0.64382499509711932       0.15706315254601250        4.8431539363092455E-002   1.4390245312382834     
   3.3172072072072072       0.64352297859857888       0.15573769554513350        4.8159167081069584E-002   1.4237921491541523     
   3.3191891891891889       0.64322192148392288       0.15444139187053652        4.7892972225334264E-002   1.4088501735042438     
   3.3211711711711711       0.64292180253583664       0.15317330231150256        4.7632757457811759E-002   1.3941894446352832     
   3.3231531531531529       0.64262260141027761       0.15193252762083501        4.7378333811245829E-002   1.3798011893818964     
   3.3251351351351350       0.64232429859079199       0.15071820641265216        4.7129520249662819E-002   1.3656770008024330     
   3.3271171171171172       0.64202687534541392       0.14952951319149688        4.6886143256198540E-002   1.3518088191789583     
   3.3290990990990990       0.64173031368669964       0.14836565650321770        4.6648036446442213E-002   1.3381889141897134     
   3.3310810810810807       0.64143459633368360       0.14722587719904884        4.6415040205383139E-002   1.3248098681715645     
   3.3330630630630629       0.64113970667652698       0.14610944680476678        4.6187001346325481E-002   1.3116645603942394     
   3.3350450450450451       0.64084562874316520       0.14501566598766730        4.5963772790243683E-002   1.2987461522762496     
   3.3370270270270268       0.64055234716779674       0.14394386311451032        4.5745213264152533E-002   1.2860480734773687     
   3.3390090090090090       0.64025984716142226       0.14289339289427941        4.5531187017165013E-002   1.2735640088071798     
   3.3409909909909907       0.63996811448395807       0.14186363509989836        4.5321563553112357E-002   1.2612878858946257     
   3.3429729729729729       0.63967713541804827       0.14085399336367044        4.5116217378502188E-002   1.2492138635674490     
   3.3449549549549547       0.63938689674429805       0.13986389404151095        4.4915027764896497E-002   1.2373363208936954     
   3.3469369369369368       0.63909738571786856       0.13889278514137696        4.4717878524685215E-002   1.2256498468425632     
   3.3489189189189190       0.63880859004662549       0.13794013531181479        4.4524657799445935E-002   1.2141492305233377     
   3.3509009009009008       0.63852049787009146       0.13700543288656433        4.4335257859985704E-002   1.2028294519649874     
   3.3528828828828825       0.63823309773991388       0.13608818498182140        4.4149574917418541E-002   1.1916856734026398     
   3.3548648648648647       0.63794637860126835       0.13518791664262683        4.3967508944483993E-002   1.1807132310375523     
   3.3568468468468469       0.63766032977516052       0.13430417003538858        4.3788963506553612E-002   1.1699076272416682     
   3.3588288288288286       0.63737494094192315       0.13343650368366305        4.3613845601606381E-002   1.1592645231783190     
   3.3608108108108108       0.63709020212519196       0.13258449174441836        4.3442065508756143E-002   1.1487797318141049     
   3.3627927927927925       0.63680610367724100       0.13174772332243403        4.3273536644669625E-002   1.1384492112970750     
   3.3647747747747747       0.63652263626462391       0.13092580182040930        4.3108175427498500E-002   1.1282690586797268     
   3.3667567567567565       0.63623979085473648       0.13011834432265451        4.2945901147821972E-002   1.1182355039656657     
   3.3687387387387386       0.63595755870320136       0.12932498101040096        4.2786635846183939E-002   1.1083449044604721     
   3.3707207207207208       0.63567593134161027       0.12854535460679703        4.2630304196855956E-002   1.0985937394092258     
   3.3727027027027026       0.63539490056607362       0.12777911984986620        4.2476833397458981E-002   1.0889786049032315     
   3.3746846846846843       0.63511445842631575       0.12702594299181091        4.2326153064031771E-002   1.0794962090409783     
   3.3766666666666665       0.63483459721531488       0.12628550132314151        4.2178195131373025E-002   1.0701433673279122     
   3.3786486486486487       0.63455530945930427       0.12555748272016173        4.2032893758216075E-002   1.0609169983020290     
   3.3806306306306304       0.63427658790854990       0.12484158521453106        4.1890185237021850E-002   1.0518141193718549     
   3.3826126126126126       0.63399842552829511       0.12413751658366359        4.1750007908167498E-002   1.0428318428553347     
   3.3845945945945943       0.63372081549021786       0.12344499396072907        4.1612302078175852E-002   1.0339673722080900     
   3.3865765765765765       0.63344375116439422       0.12276374346324920        4.1477009941907186E-002   1.0252179984306251     
   3.3885585585585583       0.63316722611160847       0.12209349983924345        4.1344075508336464E-002   1.0165810966448199     
   3.3905405405405404       0.63289123407586045       0.12143400612989882        4.1213444529863343E-002   1.0080541228300619     
   3.3925225225225226       0.63261576897740823       0.12078501334797176        4.1085064434888574E-002  0.99963461071088233     
   3.3945045045045044       0.63234082490604793       0.12014628017101292        4.0958884263452927E-002  0.99132016878743479     
   3.3964864864864865       0.63206639611478532       0.11951757264862306        4.0834854605883951E-002  0.98310847750173569     
   3.3984684684684683       0.63179247701359398       0.11889866392301381        4.0712927544160324E-002  0.97499728653189366     
   3.4004504504504505       0.63151906216375231       0.11828933396218606        4.0593056595957785E-002  0.96698441220820219     
   3.4024324324324322       0.63124614627209230       0.11768936930502479        4.0475196661172656E-002  0.95906773504431275     
   3.4044144144144144       0.63097372418582875       0.11709856281774067        4.0359303970811354E-002  0.95124519737762792     
   3.4063963963963961       0.63070179088736633       0.11651671346103266        4.0245336038164381E-002  0.94351480111353736     
   3.4083783783783783       0.63043034148950183       0.11594362606747602        4.0133251612058732E-002  0.93587460556784052     
   3.4103603603603601       0.63015937123064913       0.11537911112853136        4.0023010632177253E-002  0.92832272540266014     
   3.4123423423423422       0.62988887547059780       0.11482298459082416        3.9914574186300983E-002  0.92085732865112324     
   3.4143243243243244       0.62961884968601933       0.11427506766107090        3.9807904469343174E-002  0.91347663482613450     
   3.4163063063063062       0.62934928946650859       0.11373518661935515        3.9702964744164772E-002  0.90617891310945053     
   3.4182882882882883       0.62908019051064168       0.11320317264029045        3.9599719304021584E-002  0.89896248061681605     
   3.4202702702702701       0.62881154862218436       0.11267886162165301        3.9498133436570840E-002  0.89182570073556555     
   3.4222522522522523       0.62854335970660868       0.11216209402019078        3.9398173389402970E-002  0.88476698153121414     
   3.4242342342342340       0.62827561976753654       0.11165271469421008        3.9299806336969514E-002  0.87778477421959022     
   3.4262162162162162       0.62800832490345204       0.11115057275262019        3.9203000348878372E-002  0.87087757170148072     
   3.4281981981981979       0.62774147130460789       0.11065552141017534        3.9107724359480324E-002  0.86404390715683310     
   3.4301801801801801       0.62747505524989255       0.11016741784853341        3.9013948138681601E-002  0.85728235269560171     
   3.4321621621621619       0.62720907310398444       0.10968612308295785        3.8921642263930731E-002  0.85059151806268107     
   3.4341441441441440       0.62694352131444386       0.10921150183432826        3.8830778093321416E-002  0.84397004939433418     
   3.4361261261261262       0.62667839640919676       0.10874342240624346        3.8741327739764138E-002  0.83741662802387007     
   3.4381081081081080       0.62641369499374833       0.10828175656697711        3.8653264046173176E-002  0.83092996933408236     
   3.4400900900900901       0.62614941374885802       0.10782637943606303        3.8566560561625822E-002  0.82450882165458206     
   3.4420720720720719       0.62588554942803565       0.10737716937530238        3.8481191518445548E-002  0.81815196520176681     
   3.4440540540540541       0.62562209885538311       0.10693400788399129        3.8397131810174290E-002  0.81185821105961942     
   3.4460360360360358       0.62535905892314214       0.10649677949817701        3.8314356970381394E-002  0.80562640019954135     
   3.4480180180180180       0.62509642658990638       0.10606537169377646        3.8232843152297774E-002  0.79945540253735303     
   3.4499999999999997       0.62483419887829406       0.10563967479335978        3.8152567109200293E-002  0.79334411602595201     
   3.4519819819819819       0.62457237287309242       0.10521958187647357        3.8073506175555716E-002  0.78729146578202380     
   3.4539639639639637       0.62431094571942536       0.10480498869330926        3.7995638248849647E-002  0.78129640324526239     
   3.4559459459459458       0.62404991462080550       0.10439579358160563        3.7918941772110852E-002  0.77535790536879057     
   3.4579279279279280       0.62378927683742391       0.10399189738662690        3.7843395717069149E-002  0.76947497383935370     
   3.4599099099099098       0.62352902968456725       0.10359320338409407        3.7768979567937677E-002  0.76364663432607049     
   3.4618918918918919       0.62326917053082764       0.10319961720592732        3.7695673305783030E-002  0.75787193575648248     
   3.4638738738738737       0.62300969679659923       0.10281104676870392        3.7623457393469777E-002  0.75214994961878445     
   3.4658558558558559       0.62275060595259701       0.10242740220469168        3.7552312761140003E-002  0.74647976928909376     
   3.4678378378378376       0.62249189551838324       0.10204859579538285        3.7482220792223610E-002  0.74086050938280124     
   3.4698198198198198       0.62223356306089794       0.10167454190738814        3.7413163309934237E-002  0.73529130512886254     
   3.4718018018018015       0.62197560619317582       0.10130515693060485        3.7345122564261590E-002  0.72977131176621690     
   3.4737837837837837       0.62171802257301201       0.10094035921859758        3.7278081219412847E-002  0.72429970396134724     
   3.4757657657657655       0.62146080990172692       0.10058006903104807        3.7212022341675186E-002  0.71887567524620399     
   3.4777477477477476       0.62120396592286886       0.10022420847821800        3.7146929387744512E-002  0.71349843747550212     
   3.4797297297297298       0.62094748842115199        9.9872701467351180E-002   3.7082786193437689E-002  0.70816722030280987     
   3.4817117117117116       0.62069137522117734        9.9525473650912383E-002   3.7019576962756526E-002  0.70288127067456874     
   3.4836936936936937       0.62043562418645526        9.9182452376597854E-002   3.6957286257400607E-002  0.69763985234128878     
   3.4856756756756755       0.62018023321832139        9.8843566639014654E-002   3.6895898986571508E-002  0.69244224538538646     
   3.4876576576576577       0.61992520025484765        9.8508747032869451E-002   3.6835400397168608E-002  0.68728774576484930     
   3.4896396396396394       0.61967052326989747        9.8177925706988592E-002   3.6775776064278211E-002  0.68217566487220271     
   3.4916216216216216       0.61941620027207411        9.7851036308229819E-002   3.6717011882008710E-002  0.67710532910803678     
   3.4936036036036033       0.61916222930496045        9.7528014072073316E-002   3.6659094054630491E-002  0.67207607946999248     
   3.4955855855855855       0.61890860844261253        9.7208795390389527E-002   3.6602009087964744E-002  0.66708727115056921     
   3.4975675675675673       0.61865533579375775        9.6893318313353766E-002   3.6545743781150622E-002  0.66213827315636198     
   3.4995495495495494       0.61840240949737901        9.6581522129674358E-002   3.6490285218576959E-002  0.65722846793161771     
   3.5015315315315316       0.61814982772305416        9.6273347454943564E-002   3.6435620762142289E-002  0.65235725099834529     
   3.5035135135135134       0.61789758867012257        9.5968736185121195E-002   3.6381738043746170E-002  0.64752403060689778     
   3.5054954954954956       0.61764569056685437        9.5667631461197500E-002   3.6328624958035884E-002  0.64272822739780144     
   3.5074774774774773       0.61739413166977686        9.5369977635682057E-002   3.6276269655354049E-002  0.63796927407438675     
   3.5094594594594595       0.61714291026292833        9.5075720240275913E-002   3.6224660534963996E-002  0.63324661508575009     
   3.5114414414414412       0.61689202465716186        9.4784805954586049E-002   3.6173786238430185E-002  0.62855970631977343     
   3.5134234234234234       0.61664147318946905        9.4497182575881605E-002   3.6123635643254839E-002  0.62390801480570535     
   3.5154054054054051       0.61639125422239338        9.4212798989760954E-002   3.6074197856705258E-002  0.61929101842608592     
   3.5173873873873873       0.61614136614336990        9.3931605141778771E-002   3.6025462209806715E-002  0.61470820563753659     
   3.5193693693693691       0.61589180736408711        9.3653552009925423E-002   3.5977418251558153E-002  0.61015907520024637     
   3.5213513513513512       0.61564257631995090        9.3378591577992179E-002   3.5930055743306481E-002  0.60564313591569074     
   3.5233333333333334       0.61539367146947443        9.3106676809736791E-002   3.5883364653305702E-002  0.60115990637241279     
   3.5253153153153152       0.61514509129376860        9.2837761623858414E-002   3.5837335151435910E-002  0.59670891469952558     
   3.5272972972972969       0.61489683429595388        9.2571800869716198E-002   3.5791957604083727E-002  0.59228969832765288     
   3.5292792792792791       0.61464889900069597        9.2308750303815940E-002   3.5747222569180760E-002  0.58790180375706413     
   3.5312612612612613       0.61440128395363824        9.2048566566979212E-002   3.5703120791395052E-002  0.58354478633276141     
   3.5332432432432430       0.61415398772097241        9.1791207162227023E-002   3.5659643197458582E-002  0.57921821002627250     
   3.5352252252252252       0.61390700888896854        9.1536630433298599E-002   3.5616780891645140E-002  0.57492164722388195     
   3.5372072072072069       0.61366034606342224        9.1284795543834979E-002   3.5574525151373097E-002  0.57065467852114071     
   3.5391891891891891       0.61341399786931405        9.1035662457167876E-002   3.5532867422959372E-002  0.56641689252337735     
   3.5411711711711709       0.61316796295032050        9.0789191916702774E-002   3.5491799317455004E-002  0.56220788565207958     
   3.5431531531531530       0.61292223996842976        9.0545345426897170E-002   3.5451312606658326E-002  0.55802726195684538     
   3.5451351351351352       0.61267682760344100        9.0304085234762910E-002   3.5411399219202444E-002  0.55387463293281436     
   3.5471171171171170       0.61243172455272210        9.0065374311952384E-002   3.5372051236785718E-002  0.54974961734336036     
   3.5490990990990992       0.61218692953066622        8.9829176337291317E-002   3.5333260890470827E-002  0.54565184104779074     
   3.5510810810810809       0.61194244126842889        8.9595455679920818E-002   3.5295020557160120E-002  0.54158093683408914     
   3.5530630630630631       0.61169825851351045        8.9364177382821625E-002   3.5257322756089490E-002  0.53753654425628805     
   3.5550450450450448       0.61145438002935815        8.9135307146859133E-002   3.5220160145489281E-002  0.53351830947645384     
   3.5570270270270270       0.61121080459518118        8.8908811315284136E-002   3.5183525519295634E-002  0.52952588511119181     
   3.5590090090090092       0.61096753100540802        8.8684656858648306E-002   3.5147411803992376E-002  0.52555893008234755     
   3.5609909909909909       0.61072455806949599        8.8462811360168286E-002   3.5111812055506043E-002  0.52161710947192819     
   3.5629729729729727       0.61048188461163233        8.8243243001485311E-002   3.5076719456215655E-002  0.51770009438102527     
   3.5649549549549548       0.61023950947027661        8.8025920548821107E-002   3.5042127312028853E-002  0.51380756179263187     
   3.5669369369369370       0.60999743149805807        8.7810813339542881E-002   3.5008029049548708E-002  0.50993919443823377     
   3.5689189189189188       0.60975564956135297        8.7597891269057926E-002   3.4974418213320098E-002  0.50609468066805774     
   3.5709009009009010       0.60951416253995383        8.7387124778096570E-002   3.4941288463138612E-002  0.50227371432481105     
   3.5728828828828827       0.60927296932699626        8.7178484840357312E-002   3.4908633571453226E-002  0.49847599462090619     
   3.5748648648648649       0.60903206882849259        8.6971942950444164E-002   3.4876447420820487E-002  0.49470122601896399     
   3.5768468468468466       0.60879145996316875        8.6767471112173047E-002   3.4844724001443145E-002  0.49094911811550002     
   3.5788288288288288       0.60855114166218349        8.6565041827184483E-002   3.4813457408773327E-002  0.48721938552780253     
   3.5808108108108110       0.60831111286888373        8.6364628083835174E-002   3.4782641841165439E-002  0.48351174778372913     
   3.5827927927927927       0.60807137253851773        8.6166203346424775E-002   3.4752271597603177E-002  0.47982592921449230     
   3.5847747747747745       0.60783191963813710        8.5969741544697872E-002   3.4722341075506064E-002  0.47616165885025324     
   3.5867567567567566       0.60759275314617400        8.5775217063608494E-002   3.4692844768551119E-002  0.47251867031846945     
   3.5887387387387388       0.60735387205240732        8.5582604733369511E-002   3.4663777264591369E-002  0.46889670174486292     
   3.5907207207207206       0.60711527535758070        8.5391879819777153E-002   3.4635133243613760E-002  0.46529549565704964     
   3.5927027027027028       0.60687696207328301        8.5203018014744419E-002   3.4606907475740779E-002  0.46171479889060213     
   3.5946846846846845       0.60663893122177881        8.5015995427144719E-002   3.4579094819310638E-002  0.45815436249754454     
   3.5966666666666667       0.60640118183570735        8.4830788573840507E-002   3.4551690218978345E-002  0.45461394165726321     
   3.5986486486486484       0.60616371295790905        8.4647374370937223E-002   3.4524688703891519E-002  0.45109329558962524     
   3.6006306306306306       0.60592652364130073        8.4465730125353522E-002   3.4498085385887917E-002  0.44759218747035545     
   3.6026126126126123       0.60568961294862234        8.4285833526485054E-002   3.4471875457764006E-002  0.44411038434858602     
   3.6045945945945945       0.60545297995228531        8.4107662638146841E-002   3.4446054191571346E-002  0.44064765706644549     
   3.6065765765765763       0.60521662373417606        8.3931195890734403E-002   3.4420616936961121E-002  0.43720378018070932     
   3.6085585585585584       0.60498054338547824        8.3756412073531794E-002   3.4395559119572573E-002  0.43377853188638182     
   3.6105405405405406       0.60474473800655981        8.3583290327259668E-002   3.4370876239459940E-002  0.43037169394226232     
   3.6125225225225224       0.60450920670672470        8.3411810136789999E-002   3.4346563869561635E-002  0.42698305159830507     
   3.6145045045045041       0.60427394860412742        8.3241951324018723E-002   3.4322617654196190E-002  0.42361239352472840     
   3.6164864864864863       0.60403896282552227        8.3073694040999221E-002   3.4299033307632058E-002  0.42025951174314380     
   3.6184684684684685       0.60380424850626357        8.2907018763121593E-002   3.4275806612622091E-002  0.41692420155892973     
   3.6204504504504502       0.60356980478997391        8.2741906282561783E-002   3.4252933419056969E-002  0.41360626149567226     
   3.6224324324324324       0.60333563082850383        8.2578337701858920E-002   3.4230409642597895E-002  0.41030549323108334     
   3.6244144144144146       0.60310172578177190        8.2416294427624673E-002   3.4208231263352915E-002  0.40702170153430373     
   3.6263963963963963       0.60286808881765619        8.2255758164460707E-002   3.4186394324601937E-002  0.40375469420502691     
   3.6283783783783781       0.60263471911180855        8.2096710908954956E-002   3.4164894931531929E-002  0.40050428201383131     
   3.6303603603603603       0.60240161584746965        8.1939134943879055E-002   3.4143729250012828E-002  0.39727027864404035     
   3.6323423423423424       0.60216877821551185        8.1783012832510577E-002   3.4122893505411957E-002  0.39405250063505431     
   3.6343243243243242       0.60193620541412429        8.1628327413072438E-002   3.4102383981407428E-002  0.39085076732678348     
   3.6363063063063064       0.60170389664879220        8.1475061793336828E-002   3.4082197018868401E-002  0.38766490080556976     
   3.6382882882882881       0.60147185113217549        8.1323199345339825E-002   3.4062329014730448E-002  0.38449472585117372     
   3.6402702702702703       0.60124006808395747        8.1172723700251137E-002   3.4042776420912788E-002  0.38134006988474917     
   3.6422522522522520       0.60100854673071513        8.1023618743379086E-002   3.4023535743257984E-002  0.37820076291750876     
   3.6442342342342342       0.60077728630583993        8.0875868609385837E-002   3.4004603540487136E-002  0.37507663749886533     
   3.6462162162162164       0.60054628604942906        8.0729457677905708E-002   3.3985976423177987E-002  0.37196752865997268     
   3.6481981981981981       0.60031554520813679        8.0584370570637651E-002   3.3967651052724590E-002  0.36887327383124258     
   3.6501801801801803       0.60008506303515619        8.0440592160954005E-002   3.3949624139925388E-002  0.36579371251347031     
   3.6521621621621621       0.59985483878910040        8.0298106949006090E-002   3.3931892463270434E-002  0.36272869860122897     
   3.6541441441441442       0.59962487173804491        8.0156901718815218E-002   3.3914452785545085E-002  0.35967804728215985     
   3.6561261261261260       0.59939516115193447        8.0016960713286844E-002   3.3897302002310351E-002  0.35664163109617469     
   3.6581081081081082       0.59916570630937638        7.9878270037765098E-002   3.3880437004444347E-002  0.35361929202459641     
   3.6600900900900899       0.59893650649436891        7.9740815666763887E-002   3.3863854738910487E-002  0.35061088110400740     
   3.6620720720720721       0.59870756099682110        7.9604583775399085E-002   3.3847552197530675E-002  0.34761625169982868     
   3.6640540540540538       0.59847886911245596        7.9469560742817080E-002   3.3831526415935731E-002  0.34463525932110145     
   3.6660360360360360       0.59825043014262880        7.9335733149541732E-002   3.3815774472721438E-002  0.34166776155916984     
   3.6680180180180182       0.59802224339433685        7.9203087774044931E-002   3.3800293488651129E-002  0.33871361804449346     
   3.6699999999999999       0.59779430818015755        7.9071611589203922E-002   3.3785080625891549E-002  0.33577269040821517     
   3.6719819819819817       0.59756662381803316        7.8941291758769364E-002   3.3770133087252602E-002  0.33284484224580713     
   3.6739639639639639       0.59733918963136712        7.8812115633891858E-002   3.3755448115454563E-002  0.32992993908202239     
   3.6759459459459460       0.59711200494875905        7.8684070749714882E-002   3.3741022992400005E-002  0.32702784833675319     
   3.6779279279279278       0.59688506910403039        7.8557144822036060E-002   3.3726855038484167E-002  0.32413843929178704     
   3.6799099099099100       0.59665838143616667        7.8431325744042379E-002   3.3712941611890521E-002  0.32126158305827940     
   3.6818918918918917       0.59643194128918309        7.8306601583110272E-002   3.3699280107925264E-002  0.31839715254506301     
   3.6838738738738739       0.59620574801206416        7.8182960577677776E-002   3.3685867958353231E-002  0.31554502242762744     
   3.6858558558558556       0.59597980095873859        7.8060391134182117E-002   3.3672702630754267E-002  0.31270506911775037     
   3.6878378378378378       0.59575409948787006        7.7938881824047207E-002   3.3659781627885868E-002  0.30987717073386728     
   3.6898198198198195       0.59552864296302666        7.7818421380776326E-002   3.3647102487069293E-002  0.30706120707208073     
   3.6918018018018017       0.59530343075236181        7.7698998697045760E-002   3.3634662779578869E-002  0.30425705957779348     
   3.6937837837837835       0.59507846222870142        7.7580602821921099E-002   3.3622460110045771E-002  0.30146461131796287     
   3.6957657657657657       0.59485373676941966        7.7463222958079586E-002   3.3610492115884523E-002  0.29868374695398064     
   3.6977477477477478       0.59462925375637399        7.7346848459128204E-002   3.3598756466711059E-002  0.29591435271513078     
   3.6997297297297296       0.59440501257592138        7.7231468826955293E-002   3.3587250863794764E-002  0.29315631637263340     
   3.7017117117117113       0.59418101261866929        7.7117073709142406E-002   3.3575973039503201E-002  0.29040952721425212     
   3.7036936936936935       0.59395725327967885        7.7003652896437305E-002   3.3564920756770332E-002  0.28767387601945849     
   3.7056756756756757       0.59373373395818485        7.6891196320267516E-002   3.3554091808568720E-002  0.28494925503512741     
   3.7076576576576574       0.59351045405758174        7.6779694050299246E-002   3.3543484017393557E-002  0.28223555795173783     
   3.7096396396396396       0.59328741298550380        7.6669136292077403E-002   3.3533095234758420E-002  0.27953267988018815     
   3.7116216216216218       0.59306461015356149        7.6559513384667530E-002   3.3522923340702643E-002  0.27684051732891235     
   3.7136036036036035       0.59284204497743564        7.6450815798379479E-002   3.3512966243295958E-002  0.27415896818175184     
   3.7155855855855853       0.59261971687675641        7.6343034132526508E-002   3.3503221878170862E-002  0.27148793167607133     
   3.7175675675675675       0.59239762527509732        7.6236159113221319E-002   3.3493688208056080E-002  0.26882730838149843     
   3.7195495495495496       0.59217576959990992        7.6130181591226267E-002   3.3484363222308910E-002  0.26617700017905488     
   3.7215315315315314       0.59195414928239720        7.6025092539838746E-002   3.3475244936473414E-002  0.26353691024074655     
   3.7235135135135136       0.59173276375758110        7.5920883052821519E-002   3.3466331391835996E-002  0.26090694300958173     
   3.7254954954954957       0.59151161246416017        7.5817544342368606E-002   3.3457620654991416E-002  0.25828700418008943     
   3.7274774774774775       0.59129069484450958        7.5715067737124761E-002   3.3449110817417513E-002  0.25567700067916210     
   3.7294594594594592       0.59107001034464102        7.5613444680217398E-002   3.3440799995058557E-002  0.25307684064736619     
   3.7314414414414414       0.59084955841410147        7.5512666727349673E-002   3.3432686327913970E-002  0.25048643342065507     
   3.7334234234234236       0.59062933850599308        7.5412725544923453E-002   3.3424767979638434E-002  0.24790568951246586     
   3.7354054054054053       0.59040935007688355        7.5313612908189526E-002   3.3417043137138142E-002  0.24533452059620312     
   3.7373873873873875       0.59018959258679693        7.5215320699443075E-002   3.3409510010194127E-002  0.24277283948811421     
   3.7393693693693693       0.58997006549908748        7.5117840906242780E-002   3.3402166831071514E-002  0.24022056013053911     
   3.7413513513513514       0.58975076828054196        7.5021165619679864E-002   3.3395011854147005E-002  0.23767759757547269     
   3.7433333333333332       0.58953170040119773        7.4925287032654830E-002   3.3388043355538410E-002  0.23514386796859155     
   3.7453153153153154       0.58931286133437122        7.4830197438212315E-002   3.3381259632745609E-002  0.23261928853351604     
   3.7472972972972971       0.58909425055663711        7.4735889227884961E-002   3.3374659004293164E-002  0.23010377755652037     
   3.7492792792792793       0.58887586754769561        7.4642354890074855E-002   3.3368239809374610E-002  0.22759725437145933     
   3.7512612612612610       0.58865771179044124        7.4549587008471946E-002   3.3362000407513075E-002  0.22509963934516736     
   3.7532432432432432       0.58843978277088682        7.4457578260489848E-002   3.3355939178222896E-002  0.22261085386309110     
   3.7552252252252254       0.58822207997805365        7.4366321415731212E-002   3.3350054520669213E-002  0.22013082031522779     
   3.7572072072072071       0.58800460290406709        7.4275809334491918E-002   3.3344344853348293E-002  0.21765946208249465     
   3.7591891891891889       0.58778735104402935        7.4186034966272685E-002   3.3338808613755190E-002  0.21519670352324707     
   3.7611711711711711       0.58757032389599517        7.4096991348329588E-002   3.3333444258070749E-002  0.21274246996023310     
   3.7631531531531532       0.58735352096097293        7.4008671604251064E-002   3.3328250260850144E-002  0.21029668766778831     
   3.7651351351351350       0.58713694174279307        7.3921068942546422E-002   3.3323225114706319E-002  0.20785928385931390     
   3.7671171171171172       0.58692058574826522        7.3834176655278166E-002   3.3318367330013095E-002  0.20543018667509552     
   3.7690990990990989       0.58670445248691105        7.3747988116692934E-002   3.3313675434601064E-002  0.20300932517034789     
   3.7710810810810811       0.58648854147114449        7.3662496781902717E-002   3.3309147973461947E-002  0.20059662930359537     
   3.7730630630630628       0.58627285221605785        7.3577696185562050E-002   3.3304783508462929E-002  0.19819202992527010     
   3.7750450450450450       0.58605738423953235        7.3493579940588444E-002   3.3300580618050316E-002  0.19579545876670104     
   3.7770270270270272       0.58584213706210775        7.3410141736888188E-002   3.3296537896971450E-002  0.19340684842915726     
   3.7790090090090089       0.58562711020705394        7.3327375340115200E-002   3.3292653955998036E-002  0.19102613237342442     
   3.7809909909909907       0.58541230320023840        7.3245274590437601E-002   3.3288927421641565E-002  0.18865324490943777     
   3.7829729729729729       0.58519771557013567        7.3163833401332062E-002   3.3285356935887273E-002  0.18628812118624574     
   3.7849549549549550       0.58498334684780873        7.3083045758401674E-002   3.3281941155922659E-002  0.18393069718228491     
   3.7869369369369368       0.58476919656691340        7.3002905718195649E-002   3.3278678753871409E-002  0.18158090969581939     
   3.7889189189189190       0.58455526426357074        7.2923407407062685E-002   3.3275568416532883E-002  0.17923869633569750     
   3.7909009009009007       0.58434154947643291        7.2844545020020399E-002   3.3272608845117548E-002  0.17690399551231761     
   3.7928828828828829       0.58412805174664040        7.2766312819629031E-002   3.3269798754998095E-002  0.17457674642888435     
   3.7948648648648646       0.58391477061777830        7.2688705134898668E-002   3.3267136875446586E-002  0.17225688907284603     
   3.7968468468468468       0.58370170563582335        7.2611716360203957E-002   3.3264621949388687E-002  0.16994436420766607     
   3.7988288288288290       0.58348885634913161        7.2535340954206259E-002   3.3262252733152101E-002  0.16763911336474238     
   3.8008108108108107       0.58327622230854770        7.2459573438812722E-002   3.3260027996222227E-002  0.16534107883565335     
   3.8027927927927929       0.58306380306711358        7.2384408398131567E-002   3.3257946520998366E-002  0.16305020366456832     
   3.8047747747747747       0.58285159818028021        7.2309840477446916E-002   3.3256007102549154E-002  0.16076643164097518     
   3.8067567567567568       0.58263960720578412        7.2235864382209844E-002   3.3254208548375082E-002  0.15848970729259310     
   3.8087387387387386       0.58242782970363050        7.2162474877039015E-002   3.3252549678170200E-002  0.15621997587850239     
   3.8107207207207208       0.58221626523606518        7.2089666784744849E-002   3.3251029323584418E-002  0.15395718338261458     
   3.8127027027027030       0.58200491336762428        7.2017434985349654E-002   3.3249646327993376E-002  0.15170127650722337     
   3.8146846846846847       0.58179377366497065        7.1945774415130073E-002   3.3248399546260680E-002  0.14945220266700240     
   3.8166666666666664       0.58158284569705077        7.1874680065677030E-002   3.3247287844510580E-002  0.14720990998300171     
   3.8186486486486486       0.58137212903484481        7.1804146982948486E-002   3.3246310099895982E-002  0.14497434727707964     
   3.8206306306306308       0.58116162325165266        7.1734170266359309E-002   3.3245465200369688E-002  0.14274546406649066     
   3.8226126126126125       0.58095132792274240        7.1664745067853669E-002   3.3244752044460035E-002  0.14052321055869088     
   3.8245945945945947       0.58074124262556270        7.1595866591009444E-002   3.3244169541039759E-002  0.13830753764645526     
   3.8265765765765765       0.58053136693967944        7.1527530090140762E-002   3.3243716609104586E-002  0.13609839690318756     
   3.8285585585585586       0.58032170044669473        7.1459730869416010E-002   3.3243392177545503E-002  0.13389574057849638     
   3.8305405405405404       0.58011224273024076        7.1392464281979692E-002   3.3243195184923691E-002  0.13169952159398776     
   3.8325225225225226       0.57990299337598350        7.1325725729084188E-002   3.3243124579249210E-002  0.12950969353938499     
   3.8345045045045043       0.57969395197164819        7.1259510659234665E-002   3.3243179317754709E-002  0.12732621066878760     
   3.8364864864864865       0.57948511810694303        7.1193814567336353E-002   3.3243358366673720E-002  0.12514902789733520     
   3.8384684684684682       0.57927649137350656        7.1128632993844240E-002   3.3243660701018959E-002  0.12297810079795959     
   3.8404504504504504       0.57906807136502436        7.1063961523935334E-002   3.3244085304351079E-002  0.12081338559855237     
   3.8424324324324326       0.57885985767704196        7.0999795786672398E-002   3.3244631168562425E-002  0.11865483917930510     
   3.8444144144144143       0.57865184990710261        7.0936131454176474E-002   3.3245297293649556E-002  0.11650241907036020     
   3.8463963963963965       0.57844404765463586        7.0872964240814226E-002   3.3246082687487549E-002  0.11435608344973965     
   3.8483783783783783       0.57823645052096329        7.0810289902379045E-002   3.3246986365606288E-002  0.11221579114155278     
   3.8503603603603604       0.57802905810935090        7.0748104235279191E-002   3.3248007350959202E-002  0.11008150161448049     
   3.8523423423423422       0.57782187002482910        7.0686403075735371E-002   3.3249144673699625E-002  0.10795317498054587     
   3.8543243243243244       0.57761488587441145        7.0625182298980196E-002   3.3250397370948453E-002  0.10583077199424619     
   3.8563063063063061       0.57740810526684749        7.0564437818453896E-002   3.3251764486565041E-002  0.10371425405192858     
   3.8582882882882883       0.57720152781277978        7.0504165585011172E-002   3.3253245070912894E-002  0.10160358319149289     
   3.8602702702702700       0.57699515312464889        7.0444361586128434E-002   3.3254838180623532E-002   9.9498722092458539E-002
   3.8622522522522522       0.57678898081672436        7.0385021845107740E-002   3.3256542878366040E-002   9.7399634076316077E-002
   3.8642342342342344       0.57658301050500671        7.0326142420285065E-002   3.3258358232598449E-002   9.5306283107268408E-002
   3.8662162162162161       0.57637724180733629        7.0267719404243964E-002   3.3260283317331267E-002   9.3218633793253222E-002
   3.8681981981981979       0.57617167434332861        7.0209748923021717E-002   3.3262317211882997E-002   9.1136651387437040E-002
   3.8701801801801801       0.57596630773430413        7.0152227135311787E-002   3.3264459000628889E-002   8.9060301789974955E-002
   3.8721621621621622       0.57576114160339276        7.0095150231684153E-002   3.3266707772749753E-002   8.6989551550255256E-002
   3.8741441441441440       0.57555617557539829        7.0038514433773957E-002   3.3269062621978873E-002   8.4924367869443393E-002
   3.8761261261261262       0.57535140927689155        6.9982315993497940E-002   3.3271522646342262E-002   8.2864718603541498E-002
   3.8781081081081084       0.57514684233618762        6.9926551192244349E-002   3.3274086947891794E-002   8.0810572266818606E-002
   3.8800900900900901       0.57494247438325174        6.9871216340073761E-002   3.3276754632440189E-002   7.8761898035704769E-002
   3.8820720720720718       0.57473830504979673        6.9816307774905606E-002   3.3279524809285768E-002   7.6718665753095286E-002
   3.8840540540540540       0.57453433396920417        6.9761821861703627E-002   3.3282396590932670E-002   7.4680845933274329E-002
   3.8860360360360362       0.57433056077653588        6.9707754991654866E-002   3.3285369092811740E-002   7.2648409767180969E-002
   3.8880180180180179       0.57412698510855886        6.9654103581341914E-002   3.3288441432981722E-002   7.0621329128266297E-002
   3.8900000000000001       0.57392360660371688        6.9600864071909407E-002   3.3291612731837138E-002   6.8599576578938642E-002
   3.8919819819819819       0.57372042490208086        6.9548032928208409E-002   3.3294882111801975E-002   6.6583125377456198E-002
   3.8939639639639640       0.57351743964538970        6.9495606637946739E-002   3.3298248697019708E-002   6.4571949485542526E-002
   3.8959459459459458       0.57331465047704322        6.9443581710825555E-002   3.3301711613030582E-002   6.2566023576494476E-002
   3.8979279279279280       0.57311205704211665        6.9391954677657297E-002   3.3305269986443911E-002   6.0565323044041219E-002
   3.8999099099099102       0.57290965898726809        6.9340722089470147E-002   3.3308922944600645E-002   5.8569824011805889E-002
   3.9018918918918919       0.57270745596087957        6.9289880516608213E-002   3.3312669615229502E-002   5.6579503343482024E-002
   3.9038738738738736       0.57250544761292987        6.9239426547806238E-002   3.3316509126082555E-002   5.4594338653800673E-002
   3.9058558558558558       0.57230363359496894        6.9189356789250575E-002   3.3320440604570276E-002   5.2614308320208310E-002
   3.9078378378378380       0.57210201356030344        6.9139667863620996E-002   3.3324463177384342E-002   5.0639391495339262E-002
   3.9098198198198197       0.57190058716378367        6.9090356409118411E-002   3.3328575970097238E-002   4.8669568120481226E-002
   3.9118018018018019       0.57169935406191830        6.9041419078459898E-002   3.3332778106764237E-002   4.6704818939767113E-002
   3.9137837837837837       0.57149831391281247        6.8992852537861971E-002   3.3337068709497653E-002   4.4745125515415270E-002
   3.9157657657657658       0.57129746637627621        6.8944653465991781E-002   3.3341446898035275E-002   4.2790470243888816E-002
   3.9177477477477476       0.57109681111370791        6.8896818552895756E-002   3.3345911789289355E-002   4.0840836373237183E-002
   3.9197297297297298       0.57089634778811316        6.8849344498895362E-002   3.3350462496874747E-002   3.8896208021333992E-002
   3.9217117117117120       0.57069607606417272        6.8802228013457603E-002   3.3355098130627717E-002   3.6956570195455653E-002
   3.9236936936936937       0.57049599560821906        6.8755465814029401E-002   3.3359817796102094E-002   3.5021908813024201E-002
   3.9256756756756754       0.57029610608818460        6.8709054624833482E-002   3.3364620594036450E-002   3.3092210723605756E-002
   3.9276576576576576       0.57009640717368359        6.8662991175633278E-002   3.3369505619818357E-002   3.1167463732369342E-002
   3.9296396396396398       0.56989689853599057        6.8617272200451940E-002   3.3374471962901844E-002   2.9247656624854207E-002
   3.9316216216216215       0.56969757984799740        6.8571894436249989E-002   3.3379518706222397E-002   2.7332779193439245E-002
   3.9336036036036037       0.56949845078433103        6.8526854621557678E-002   3.3384644925573921E-002   2.5422822265314435E-002
   3.9355855855855855       0.56929951102127141        6.8482149495052616E-002   3.3389849688958091E-002   2.3517777732201917E-002
   3.9375675675675677       0.56910076023680123        6.8437775794093658E-002   3.3395132055906752E-002   2.1617638581922848E-002
   3.9395495495495494       0.56890219811056986        6.8393730253180379E-002   3.3400491076773772E-002   1.9722398931861510E-002
   3.9415315315315316       0.56870382432394828        6.8350009602372266E-002   3.3405925791988714E-002   1.7832054064546528E-002
   3.9435135135135133       0.56850563856008707        6.8306610565630477E-002   3.3411435231279360E-002   1.5946600465320870E-002
   3.9454954954954955       0.56830764050384863        6.8263529859089803E-002   3.3417018412854299E-002   1.4066035862441692E-002
   3.9474774774774772       0.56810982984187297        6.8220764189258695E-002   3.3422674342542216E-002   1.2190359269552913E-002
   3.9494594594594594       0.56791220626253147        6.8178310251135882E-002   3.3428402012886077E-002   1.0319571030855342E-002
   3.9514414414414416       0.56771476945607202        6.8136164726246937E-002   3.3434200402201623E-002   8.4536728690445817E-003
   3.9534234234234233       0.56751751911451498        6.8094324280578641E-002   3.3440068473568944E-002   6.5926679362471041E-003
   3.9554054054054051       0.56732045493177030        6.8052785562427956E-002   3.3446005173784182E-002   4.7365608681382444E-003
   3.9573873873873873       0.56712357660354762        6.8011545200125631E-002   3.3452009432249866E-002   2.8853578415016746E-003
   3.9593693693693695       0.56692688382756207        6.7970599799671128E-002   3.3458080159797579E-002   1.0390666353086303E-003
   3.9613513513513512       0.56673037630336409        6.7929945942219003E-002   3.3464216247456081E-002  -8.0230330412716169E-004
   3.9633333333333334       0.56653405373251564        6.7889580181459006E-002   3.3470416565140299E-002  -2.6387407940096606E-003
   3.9653153153153156       0.56633791581860937        6.7849499040830097E-002   3.3476679960267035E-002  -4.4702328413875492E-003
   3.9672972972972973       0.56614196226722502        6.7809699010609889E-002   3.3483005256294288E-002  -6.2967645646997399E-003
   3.9692792792792790       0.56594619278602953        6.7770176544815847E-002   3.3489391251165117E-002  -8.1183191102093613E-003
   3.9712612612612612       0.56575060708486924        6.7730928057949516E-002   3.3495836715663238E-002  -9.9348775629970465E-003
   3.9732432432432434       0.56555520487568633        6.7691949921543496E-002   3.3502340391667773E-002  -1.1746418851978576E-002
   3.9752252252252251       0.56535998587270564        6.7653238460511064E-002   3.3508900990297706E-002  -1.3552919648596411E-002
   3.9772072072072073       0.56516494979239418        6.7614789949265813E-002   3.3515517189943556E-002  -1.5354354258740696E-002
   3.9791891891891891       0.56497009635358975        6.7576600607620205E-002   3.3522187634164716E-002  -1.7150694507291696E-002
   3.9811711711711713       0.56477542527754088        6.7538666596416094E-002   3.3528910929463640E-002  -1.8941909614677076E-002
   3.9831531531531530       0.56458093628791128        6.7500984012888732E-002   3.3535685642900347E-002  -2.0727966065060929E-002
   3.9851351351351352       0.56438662911099646        6.7463548885728614E-002   3.3542510299562678E-002  -2.2508827465092991E-002
   3.9871171171171174       0.56419250347563654        6.7426357169818152E-002   3.3549383379849820E-002  -2.4284454392972853E-002
   3.9890990990990991       0.56399855911342833        6.7389404740633513E-002   3.3556303316585490E-002  -2.6054804236471590E-002
   3.9910810810810813       0.56380479575879761        6.7352687388249607E-002   3.3563268491924723E-002  -2.7819831019528507E-002
   3.9930630630630630       0.56361121314907137        6.7316200810955379E-002   3.3570277234038867E-002  -2.9579485216105036E-002
   3.9950450450450452       0.56341781102450883        6.7279940608403394E-002   3.3577327813571763E-002  -3.1333713550399378E-002
   3.9970270270270269       0.56322458912863804        6.7243902274298537E-002   3.3584418439841002E-002  -3.3082458782202645E-002
   3.9990090090090091       0.56303154720814474        6.7208081188544211E-002   3.3591547256752070E-002  -3.4825659476133641E-002
   4.0009909909909913       0.56283868501317913        6.7172472608828276E-002   3.3598712338422959E-002  -3.6563249753314493E-002
   4.0029729729729731       0.56264600229732709        6.7137071661578063E-002   3.3605911684466860E-002  -3.8295159023925884E-002
   4.0049549549549548       0.56245349881798223        6.7101873332247999E-002   3.3613143214923494E-002  -4.0021311698981002E-002
   4.0069369369369365       0.56226117433636280        6.7066872454856416E-002   3.3620404764798446E-002  -4.1741626879396511E-002
   4.0089189189189192       0.56206902861775376        6.7032063700716280E-002   3.3627694078168457E-002  -4.3456018020183639E-002
   4.0109009009009009       0.56187706143171556        6.6997441566277932E-002   3.3635008801826960E-002  -4.5164392567601033E-002
   4.0128828828828826       0.56168527255222300        6.6963000360010586E-002   3.3642346478405721E-002  -4.6866651566538860E-002
   4.0148648648648653       0.56149366175801352        6.6928734188210784E-002   3.3649704538947091E-002  -4.8562689235449617E-002
   4.0168468468468470       0.56130222883278280        6.6894636939644092E-002   3.3657080294850400E-002  -5.0252392505402949E-002
   4.0188288288288287       0.56111097356549189        6.6860702268912608E-002   3.3664470929140503E-002  -5.1935640520090892E-002
   4.0208108108108105       0.56091989575061862        6.6826923578400782E-002   3.3671873486996157E-002  -5.3612304092464841E-002
   4.0227927927927922       0.56072899518854624        6.6793293998666431E-002   3.3679284865449501E-002  -5.5282245113958829E-002
   4.0247747747747749       0.56053827168590042        6.6759806367124530E-002   3.3686701802181918E-002  -5.6945315911069341E-002
   4.0267567567567566       0.56034772505591146        6.6726453204816821E-002   3.3694120863318244E-002  -5.8601358544184690E-002
   4.0287387387387383       0.56015735511895648        6.6693226691097646E-002   3.3701538430106974E-002  -6.0250204041982142E-002
   4.0307207207207210       0.55996716170279837        6.6660118635985546E-002   3.3708950684379541E-002  -6.1891671565001243E-002
   4.0327027027027027       0.55977714464345196        6.6627120449936184E-002   3.3716353592638512E-002  -6.3525567490267068E-002
   4.0346846846846844       0.55958730378536337        6.6594223110731890E-002   3.3723742888632446E-002  -6.5151684408175592E-002
   4.0366666666666671       0.55939763898235884        6.6561417127208047E-002   3.3731114054249264E-002  -6.6769800021981948E-002
   4.0386486486486488       0.55920815009803482        6.6528692499372599E-002   3.3738462298512982E-002  -6.8379675938322212E-002
   4.0406306306306305       0.55901883700682997        6.6496038674582772E-002   3.3745782534493687E-002  -6.9981056336254885E-002
   4.0426126126126123       0.55882969959450546        6.6463444499235080E-002   3.3753069353857919E-002  -7.1573666500300462E-002
   4.0445945945945940       0.55864073775935852        6.6430898165487362E-002   3.3760316998775575E-002  -7.3157211200960900E-002
   4.0465765765765767       0.55845195141306880        6.6398387152349900E-002   3.3767519330877349E-002  -7.4731372904037877E-002
   4.0485585585585584       0.55826334048184090        6.6365898160470477E-002   3.3774669796865983E-002  -7.6295809787137042E-002
   4.0505405405405401       0.55807490490770173        6.6333417039787415E-002   3.3781761390371777E-002  -7.7850153538774933E-002
   4.0525225225225228       0.55788664464982940        6.6300928709144585E-002   3.3788786609554346E-002  -7.9394006911970016E-002
   4.0545045045045045       0.55769855968608817        6.6268417066781798E-002   3.3795737409898774E-002  -8.0926940999444030E-002
   4.0564864864864862       0.55751065001483802        6.6235864890481416E-002   3.3802605151539628E-002  -8.2448492193141709E-002
   4.0584684684684689       0.55732291565676895        6.6203253725924310E-002   3.3809380540368569E-002  -8.3958158784333117E-002
   4.0604504504504506       0.55713535665708458        6.6170563761634146E-002   3.3816053562054998E-002  -8.5455397153965426E-002
   4.0624324324324323       0.55694797308792277        6.6137773688542553E-002   3.3822613407952895E-002  -8.6939617494307966E-002
   4.0644144144144141       0.55676076505111749        6.6104860541966182E-002   3.3829048391718700E-002  -8.8410178993384603E-002
   4.0663963963963958       0.55657373268121413        6.6071799523322289E-002   3.3835345855234428E-002  -8.9866384401852101E-002
   4.0683783783783785       0.55638687614900384        6.6038563798517316E-002   3.3841492062214484E-002  -9.1307473887770635E-002
   4.0703603603603602       0.55620019566546419        6.6005124269350013E-002   3.3847472077567900E-002  -9.2732618068253322E-002
   4.0723423423423419       0.55601369148620483        6.5971449313614941E-002   3.3853269630238880E-002  -9.4140910086158797E-002
   4.0743243243243246       0.55582736391667353        6.5937504488794360E-002   3.3858866956821498E-002  -9.5531356575966203E-002
   4.0763063063063063       0.55564121331791239        6.5903252193227846E-002   3.3864244622726122E-002  -9.6902867332448822E-002
   4.0782882882882880       0.55545524011340097        6.5868651277484869E-002   3.3869381317064698E-002  -9.8254243459912724E-002
   4.0802702702702707       0.55526944479662299        6.5833656597143769E-002   3.3874253616596378E-002  -9.9584163734459968E-002
   4.0822522522522524       0.55508382794016253        6.5798218496460559E-002   3.3878835713194125E-002 -0.10089116885723229     
   4.0842342342342342       0.55489839020593135        6.5762282210066803E-002   3.3883099098039562E-002 -0.10217364320767841     
   4.0862162162162168       0.55471313235731201        6.5725787167158642E-002   3.3887012194341537E-002 -0.10342979362149658     
   4.0881981981981985       0.55452805527306359        6.5688666179060010E-002   3.3890539928490837E-002 -0.10465762461155299     
   4.0901801801801803       0.55434315996393324        6.5650844486749821E-002   3.3893643227286038E-002 -0.10585490931606936     
   4.0921621621621620       0.55415844759197719        6.5612238639306028E-002   3.3896278425909268E-002 -0.10701915528921033     
   4.0941441441441437       0.55397391949360186        6.5572755167197683E-002   3.3898396567606487E-002 -0.10814756403345469     
   4.0961261261261264       0.55378957720674327        6.5532289005276967E-002   3.3899942571219366E-002 -0.10923698289590436     
   4.0981081081081081       0.55360542250347655        6.5490721608547686E-002   3.3900854236564290E-002 -0.11028384759321705     
   4.1000900900900898       0.55342145742932580        6.5447918688578702E-002   3.3901061049541728E-002 -0.11128411316344124     
   4.1020720720720725       0.55323768435035181        6.5403727478306944E-002   3.3900482738289522E-002 -0.11223317053211587     
   4.1040540540540542       0.55305410601089677        6.5357973406529532E-002   3.3899027517730079E-002 -0.11312574506973302     
   4.1060360360360360       0.55287072560394801        6.5310456027818237E-002   3.3896589941076548E-002 -0.11395577243700888     
   4.1080180180180186       0.55268754685789290        6.5260944005890803E-002   3.3893048251664483E-002 -0.11471624555502741     
   4.1100000000000003       0.55250457414435783        6.5209168883215762E-002   3.3888261094085152E-002 -0.11539902455004471     
   4.1119819819819821       0.55232181261324176        6.5154817279824390E-002   3.3882063396145676E-002 -0.11599459878209786     
   4.1139639639639638       0.55213926836319616        6.5097521039086559E-002   3.3874261167071942E-002 -0.11649178624586004     
   4.1159459459459455       0.55195694865903222        6.5036844661074483E-002   3.3864624863959705E-002 -0.11687735023254896     
   4.1179279279279282       0.55177486221203176        6.4972269110710371E-002   3.3852880844572185E-002 -0.11713550540636462     
   4.1199099099099099       0.55159301954491102        6.4903170718861827E-002   3.3838700229945062E-002 -0.11724727419710959     
   4.1218918918918916       0.55141143347356447        6.4828793349159516E-002   3.3821684212226720E-002 -0.11718963777187440     
   4.1238738738738743       0.55123011975102276        6.4748211181961626E-002   3.3801344409780561E-002 -0.11693440079647210     
   4.1258558558558560       0.55104909794147339        6.4660278205519131E-002   3.3777076205735820E-002 -0.11644665072348395     
   4.1278378378378378       0.55086839262628884        6.4563558524487502E-002   3.3748121961112328E-002 -0.11568263195236272     
   4.1298198198198204       0.55068803509883535        6.4456228411815891E-002   3.3713519313084236E-002 -0.11458675808846515     
   4.1318018018018021       0.55050806579667799        6.4335935769117628E-002   3.3672026992192891E-002 -0.11308732506525826     
   4.1337837837837839       0.55032853787351255        6.4199593700006191E-002   3.3622015862958959E-002 -0.11109021459512781     
   4.1357657657657656       0.55014952258792971        6.4043069104994271E-002   3.3561304555582608E-002 -0.10846939564599113     
   4.1377477477477473       0.54997111768647178        6.3860698244999070E-002   3.3486903771436732E-002 -0.10505214835439565     
   4.1397297297297300       0.54979346091983983        6.3644505656723097E-002   3.3394604021259135E-002 -0.10059524021918229     
   4.1417117117117117       0.54961675277698285        6.3382890400735442E-002   3.3278282236865839E-002  -9.4744856543217668E-002
   4.1436936936936934       0.54944129671055963        6.3058301493931587E-002   3.3128674925039382E-002  -8.6965703389434379E-002
   4.1456756756756761       0.54926757486574918        6.2642861693123372E-002   3.2931068622092274E-002  -7.6407543459225138E-002
   4.1476576576576578       0.54909640217415001        6.2089462681710422E-002   3.2660600688727663E-002  -6.1633638223594737E-002
   4.1496396396396396       0.54892927314333306        6.1311724731746155E-002   3.2271684740855372E-002  -4.0009664333798080E-002
   4.1516216216216222       0.54876925650144237        6.0132296819074268E-002   3.1670734830905087E-002  -6.1274979280809749E-003
   4.1536036036036039       0.54862380844321412        5.8120284135528680E-002   3.0630422732925652E-002   5.3149685572518063E-002
   4.1555855855855857       0.54851697752113349        5.3885948139717574E-002   2.8418051838830730E-002  0.18016291592676678     
   4.1575675675675674       0.54859166447898555        3.9171546489171358E-002   2.0589946425944403E-002  0.63170966456068134     
   4.1595495495495491       0.54613005936927472       0.17103348883959957        9.0321787582721247E-002  -3.3987911196427740     
   4.1615315315315318       0.54746819596886998        8.3325014361824934E-002   4.4023109154565185E-002 -0.72409867504415415     
   4.1635135135135135       0.54742785889924794        7.5285152951003576E-002   3.9798980149050103E-002 -0.48080941754978068     
   4.1654954954954952       0.54730090887868732        7.2259709827608348E-002   3.8222757036570160E-002 -0.39053259115408723     
   4.1674774774774779       0.54714930103602022        7.0668400686681454E-002   3.7403768346743645E-002 -0.34400992054222257     
   4.1694594594594596       0.54698734655515557        6.9684194748589265E-002   3.6905299782652522E-002 -0.31600454406788159     
   4.1714414414414414       0.54682012576027139        6.9013495243404402E-002   3.6572323066894924E-002 -0.29755769713187230     
   4.1734234234234240       0.54664989705910572        6.8525778677076807E-002   3.6335919685811742E-002 -0.28468673358737240     
   4.1754054054054057       0.54647781729646616        6.8154178847198835E-002   3.6160784055103048E-002 -0.27535143398738882     
   4.1773873873873875       0.54630454032768527        6.7860896410103247E-002   3.6026958432114981E-002 -0.26839850110034702     
   4.1793693693693692       0.54613046354409334        6.7622952635694414E-002   3.5922310501908541E-002 -0.26312685400780572     
   4.1813513513513509       0.54595584234984573        6.7425574005060107E-002   3.5839040319917137E-002 -0.25908577101252611     
   4.1833333333333336       0.54578084834604856        6.7258829862091613E-002   3.5771904953776947E-002 -0.25597229509308533     
   4.1853153153153153       0.54560560107075051        6.7115798221024148E-002   3.5717250020567609E-002 -0.25357526829888943     
   4.1872972972972970       0.54543018632900664        6.6991506497672132E-002   3.5672450393459731E-002 -0.25174301126160309     
   4.1892792792792797       0.54525466728841132        6.6882290328997285E-002   3.5635571661856963E-002 -0.25036375962738194     
   4.1912612612612614       0.54507909146533318        6.6785389843319914E-002   3.5605156965922362E-002 -0.24935334563477646     
   4.1932432432432432       0.54490349527451776        6.6698686753311920E-002   3.5580088185177342E-002 -0.24864717647132203     
   4.1952252252252249       0.54472790707876340        6.6620528113924660E-002   3.5559492885614913E-002 -0.24819485692746268     
   4.1972072072072075       0.54455234928588747        6.6549605151301330E-002   3.5542680343755177E-002 -0.24795649235073561     
   4.1991891891891893       0.54437683982268970        6.6484868080209966E-002   3.5529096572159982E-002 -0.24790008965779650     
   4.2011711711711710       0.54420139319173000        6.6425465027880715E-002   3.5518292072742971E-002 -0.24799969386159626     
   4.2031531531531527       0.54402602124283650        6.6370697463700931E-002   3.5509898304865131E-002 -0.24823402820888893     
   4.2051351351351354       0.54385073374476722        6.6319987154895177E-002   3.5503610238903804E-002 -0.24858548598575461     
   4.2071171171171171       0.54367553881523145        6.6272851314420816E-002   3.5499173235134442E-002 -0.24903937227470455     
   4.2090990990990989       0.54350044324868640        6.6228883665688826E-002   3.5496373046520834E-002 -0.24958332623611748     
   4.2110810810810815       0.54332545276883237        6.6187739843275625E-002   3.5495028110816750E-002 -0.25020687568494027     
   4.2130630630630632       0.54315057222564522        6.6149126013888809E-002   3.5494983542857392E-002 -0.25090108991776483     
   4.2150450450450450       0.54297580575024007        6.6112789918250023E-002   3.5496106405017935E-002 -0.25165830640293396     
   4.2170270270270267       0.54280115687820951        6.6078513753548604E-002   3.5498281949452787E-002 -0.25247191362781224     
   4.2190090090090084       0.54262662864816735        6.6046108469981088E-002   3.5501410606869829E-002 -0.25333617708711692     
   4.2209909909909911       0.54245222368152668        6.6015409163904221E-002   3.5505405554369332E-002 -0.25424609873372100     
   4.2229729729729728       0.54227794424735110        6.5986271329469576E-002   3.5510190736446463E-002 -0.25519730261768575     
   4.2249549549549545       0.54210379231553896        6.5958567787582051E-002   3.5515699243641403E-002 -0.25618594119230370     
   4.2269369369369372       0.54192976960055350        6.5932186153606187E-002   3.5521871975616889E-002 -0.25720861805699330     
   4.2289189189189189       0.54175587759785326        6.5907026736709368E-002   3.5528656532106073E-002 -0.25826232386873643     
   4.2309009009009007       0.54158211761414687        6.5883000787325979E-002   3.5536006287690512E-002 -0.25934438287555961     
   4.2328828828828833       0.54140849079284892        6.5860029027294306E-002   3.5543879615779525E-002 -0.26045240807342079     
   4.2348648648648650       0.54123499813559739        6.5838040410829787E-002   3.5552239234489226E-002 -0.26158426340640517     
   4.2368468468468468       0.54106164052025796        6.5816971075137190E-002   3.5561051652626838E-002 -0.26273803175246302     
   4.2388288288288294       0.54088841871647064        6.5796763447637227E-002   3.5570286698366226E-002 -0.26391198768732843     
   4.2408108108108102       0.54071533339889399        6.5777365483194017E-002   3.5579917116561471E-002 -0.26510457421479156     
   4.2427927927927929       0.54054238515832564        6.5758730009778887E-002   3.5589918223304193E-002 -0.26631438280553116     
   4.2447747747747746       0.54036957451168677        6.5740814165015357E-002   3.5600267608467552E-002 -0.26754013620820200     
   4.2467567567567563       0.54019690191030922        6.5723578909193170E-002   3.5610944878617212E-002 -0.26878067359396074     
   4.2487387387387390       0.54002436774723739        6.5706988602923164E-002   3.5621931434055114E-002 -0.27003493767302639     
   4.2507207207207207       0.53985197236367088        6.5691010639632230E-002   3.5633210274814239E-002 -0.27130196348431024     
   4.2527027027027025       0.53967971605444531        6.5675615124769174E-002   3.5644765831315789E-002 -0.27258086861028424     
   4.2546846846846851       0.53950759907285084        6.5660774594929930E-002   3.5656583816104287E-002 -0.27387084460993871     
   4.2566666666666668       0.53933562163499860        6.5646463771242392E-002   3.5668651093664815E-002 -0.27517114949654192     
   4.2586486486486486       0.53916378392355113        6.5632659342198515E-002   3.5680955565802315E-002 -0.27648110111456986     
   4.2606306306306312       0.53899208609094429        6.5619339771950905E-002   3.5693486070445465E-002 -0.27780007129293305     
   4.2626126126126129       0.53882052826241622        6.5606485130622755E-002   3.5706232292094665E-002 -0.27912748067029763     
   4.2645945945945947       0.53864911053860864        6.5594076943743876E-002   3.5719184682360995E-002 -0.28046279410408353     
   4.2665765765765764       0.53847783299784369        6.5582098058364957E-002   3.5732334389309853E-002 -0.28180551658802006     
   4.2685585585585581       0.53830669569816636        6.5570532523687580E-002   3.5745673194480639E-002 -0.28315518961346964     
   4.2705405405405408       0.53813569867923072        6.5559365484451612E-002   3.5759193456641636E-002 -0.28451138791943109     
   4.2725225225225225       0.53796484196394467        6.5548583085482767E-002   3.5772888061437892E-002 -0.28587371658377492     
   4.2745045045045043       0.53779412555995731        6.5538172386063548E-002   3.5786750376247581E-002 -0.28724180841458669     
   4.2764864864864869       0.53762354946091495        6.5528121282974416E-002   3.5800774209605132E-002 -0.28861532160622511     
   4.2784684684684686       0.53745311364775927        6.5518418441178505E-002   3.5814953774691891E-002 -0.28999393762945552     
   4.2804504504504504       0.53728281808973877        6.5509053231283768E-002   3.5829283656401700E-002 -0.29137735932898379     
   4.2824324324324330       0.53711266274543346        6.5500015673003356E-002   3.5843758781609683E-002 -0.29276530920516092     
   4.2844144144144147       0.53694264756358034        6.5491296383946726E-002   3.5858374392271360E-002 -0.29415752785964272     
   4.2863963963963965       0.53677277248391719        6.5482886533152929E-002   3.5873126021063559E-002 -0.29555377258744686     
   4.2883783783783782       0.53660303743790283        6.5474777798834108E-002   3.5888009469294692E-002 -0.29695381610006372     
   4.2903603603603608       0.53643344234935220        6.5466962329867401E-002   3.5903020786857906E-002 -0.29835744536613018     
   4.2923423423423426       0.53626398713516055        6.5459432710618659E-002   3.5918156254035889E-002 -0.29976446055831640     
   4.2943243243243243       0.53609467170567549        6.5452181928702974E-002   3.5933412364965618E-002 -0.30117467409634291     
   4.2963063063063061       0.53592549596533090        6.5445203345332270E-002   3.5948785812664127E-002 -0.30258790977810995     
   4.2982882882882887       0.53575645981312325        6.5438490667910520E-002   3.5964273475473443E-002 -0.30400400199203376     
   4.3002702702702704       0.53558756314299005        6.5432037924478340E-002   3.5979872404874172E-002 -0.30542279500638336     
   4.3022522522522522       0.53541880584433832        6.5425839439652050E-002   3.5995579814653102E-002 -0.30684414233305340     
   4.3042342342342348       0.53525018780228595        6.5419889811526480E-002   3.6011393071459757E-002 -0.30826790616747290     
   4.3062162162162165       0.53508170889824702        6.5414183888863567E-002   3.6027309686957984E-002 -0.30969395691149859     
   4.3081981981981983       0.53491336901031972        6.5408716747517248E-002   3.6043327311924403E-002 -0.31112217279649829     
   4.3101801801801800       0.53474516801362437        6.5403483664277090E-002   3.6059443733101083E-002 -0.31255243964198609     
   4.3121621621621617       0.53457710578115603        6.5398480084809765E-002   3.6075656874411999E-002 -0.31398465082314209     
   4.3141441441441444       0.53440918218456446        6.5393701578951940E-002   3.6091964805846470E-002 -0.31541870760236423     
   4.3161261261261261       0.53424139709563623        6.5389143768578906E-002   3.6108365767621844E-002 -0.31685452017315613     
   4.3181081081081079       0.53407375038927518        6.5384802192113248E-002   3.6124858228012285E-002 -0.31829201027170478     
   4.3200900900900905       0.53390624194972880        6.5380672006934662E-002   3.6141441025797132E-002 -0.31973111771505042     
   4.3220720720720722       0.53373887168749845        6.5376747209206387E-002   3.6158113762739585E-002 -0.32117181853317545     
   4.3240540540540540       0.53357163959495391        6.5373018049776715E-002   3.6174878128382798E-002 -0.32261418631963390     
   4.3260360360360366       0.53340454601565213        6.5369458553951140E-002   3.6191744336068747E-002 -0.32405869049621322     
   4.3280180180180183       0.53323759478547161        6.5365880921553973E-002   3.6208806306586384E-002 -0.32550968109460288     
   4.3300000000000001       0.53307075349193678        6.5363777547551238E-002   3.6225290421201810E-002 -0.32693129741342336     
   4.3319819819819818       0.53290407931113259        6.5360488342973921E-002   3.6242567533404123E-002 -0.32838707806917705     
   4.3339639639639636       0.53273753547301739        6.5357707772947887E-002   3.6259759936481194E-002 -0.32983633882869623     
   4.3359459459459462       0.53257112776390036        6.5355157809625586E-002   3.6277008606242625E-002 -0.33128561319103728     
   4.3379279279279279       0.53240485661962866        6.5352808462840875E-002   3.6294326540591955E-002 -0.33273550320506107     
   4.3399099099099097       0.53223872203954792        6.5350650016979137E-002   3.6311716364800378E-002 -0.33418613060508767     
   4.3418918918918923       0.53207272392450544        6.5348677361702814E-002   3.6329178417814488E-002 -0.33563751159217853     
   4.3438738738738740       0.53190686214235516        6.5346886952620031E-002   3.6346712316936196E-002 -0.33708962933205489     
   4.3458558558558558       0.53174113654693245        6.5345275929295343E-002   3.6364317408788996E-002 -0.33854245483208306     
   4.3478378378378384       0.53157554698512888        6.5343841791313195E-002   3.6381992932377025E-002 -0.33999595447583597     
   4.3498198198198201       0.53141009329988054        6.5342582258418824E-002   3.6399738087361751E-002 -0.34145009316528674     
   4.3518018018018019       0.53124477533150272        6.5341495202245553E-002   3.6417552065601655E-002 -0.34290483576195679     
   4.3537837837837836       0.53107959291863116        6.5340578609476688E-002   3.6435434066698316E-002 -0.34436014778782220     
   4.3557657657657654       0.53091454589852105        6.5339830560153189E-002   3.6453383305916465E-002 -0.34581599577429095     
   4.3577477477477480       0.53074963410741838        6.5339249213881803E-002   3.6471399018236726E-002 -0.34727234743247293     
   4.3597297297297297       0.53058485738074002        6.5338832800421548E-002   3.6489480460316741E-002 -0.34872917172793449     
   4.3617117117117115       0.53042021555321839        6.5338579612855066E-002   3.6507626911281149E-002 -0.35018643890250872     
   4.3636936936936941       0.53025570845894598        6.5338488002363915E-002   3.6525837672864228E-002 -0.35164412046594568     
   4.3656756756756758       0.53009133593154134        6.5338556374033102E-002   3.6544112069141543E-002 -0.35310218917051939     
   4.3676576576576576       0.52992709780407066        6.5338783183372495E-002   3.6562449446045690E-002 -0.35456061897572438     
   4.3696396396396393       0.52976299390930903        6.5339166933332415E-002   3.6580849170753868E-002 -0.35601938500778585     
   4.3716216216216219       0.52959902407954507        6.5339706171682457E-002   3.6599310630991123E-002 -0.35747846351647450     
   4.3736036036036037       0.52943518814684987        6.5340399488698048E-002   3.6617833234318387E-002 -0.35893783183108291     
   4.3755855855855854       0.52927148594298257        6.5341245515038365E-002   3.6636416407394033E-002 -0.36039746831647779     
   4.3775675675675672       0.52910791729934914        6.5342242919826862E-002   3.6655059595246689E-002 -0.36185735232994704     
   4.3795495495495498       0.52894448204731925        6.5343390408882929E-002   3.6673762260563882E-002 -0.36331746417915117     
   4.3815315315315315       0.52878118001787522        6.5344686723062193E-002   3.6692523882996653E-002 -0.36477778508156777     
   4.3835135135135133       0.52861801104197359        6.5346130636749544E-002   3.6711343958487394E-002 -0.36623829712542033     
   4.3854954954954959       0.52845497495030258        6.5347720956400887E-002   3.6730221998622539E-002 -0.36769898323214767     
   4.3874774774774776       0.52829207157351288        6.5349456519223068E-002   3.6749157530014710E-002 -0.36915982712055112     
   4.3894594594594594       0.52812930074210551        6.5351336191894135E-002   3.6768150093702268E-002 -0.37062081327255020     
   4.3914414414414420       0.52796666228650668        6.5353358869378930E-002   3.6787199244588530E-002 -0.37208192690034725     
   4.3934234234234228       0.52780415603705466        6.5355523473799679E-002   3.6806304550890380E-002 -0.37354315391529430     
   4.3954054054054055       0.52764178182404087        6.5357828953378994E-002   3.6825465593622438E-002 -0.37500448089807870     
   4.3973873873873872       0.52747953947774995        6.5360274281426156E-002   3.6844681966098712E-002 -0.37646589507029654     
   4.3993693693693690       0.52731742882837407        6.5362858455389666E-002   3.6863953273461779E-002 -0.37792738426748701     
   4.4013513513513516       0.52715544970614880        6.5365580495933578E-002   3.6883279132229961E-002 -0.37938893691325021     
   4.4033333333333333       0.52699360194131795        6.5368439446099741E-002   3.6902659169864745E-002 -0.38085054199479496     
   4.4053153153153151       0.52683188536410741        6.5371434370477849E-002   3.6922093024363604E-002 -0.38231218903935926     
   4.4072972972972977       0.52667029980475921        6.5374564354418255E-002   3.6941580343858131E-002 -0.38377386809208180     
   4.4092792792792794       0.52650884509361884        6.5377828503309685E-002   3.6961120786252903E-002 -0.38523556969452505     
   4.4112612612612612       0.52634752106101212        6.5381225941855733E-002   3.6980714018855727E-002 -0.38669728486452171     
   4.4132432432432438       0.52618632753735872        6.5384755813414130E-002   3.7000359718044031E-002 -0.38815900507674650     
   4.4152252252252255       0.52602526435316266        6.5388417279346883E-002   3.7020057568933826E-002 -0.38962072224420607     
   4.4172072072072073       0.52586433133892840        6.5392209518407615E-002   3.7039807265066449E-002 -0.39108242870074011     
   4.4191891891891890       0.52570352832534284        6.5396131726165749E-002   3.7059608508119124E-002 -0.39254411718404691     
   4.4211711711711708       0.52554285514310950        6.5400183114439070E-002   3.7079461007610011E-002 -0.39400578081970949     
   4.4231531531531534       0.52538231162307414        6.5404362910760461E-002   3.7099364480629997E-002 -0.39546741310580874     
   4.4251351351351351       0.52522189759618876        6.5408670357870582E-002   3.7119318651587616E-002 -0.39692900789828323     
   4.4271171171171169       0.52506161289348630        6.5413104713227310E-002   3.7139323251947819E-002 -0.39839055939690798     
   4.4290990990990995       0.52490145734616311        6.5417665248538995E-002   3.7159378020005275E-002 -0.39985206213184982     
   4.4310810810810812       0.52474143078550894        6.5422351249318916E-002   3.7179482700648289E-002 -0.40131351095100126     
   4.4330630630630630       0.52458153304299282        6.5427162014449994E-002   3.7199637045144007E-002 -0.40277490100755731     
   4.4350450450450456       0.52442176395013873        6.5432096855782579E-002   3.7219840810923902E-002 -0.40423622774840673     
   4.4370270270270273       0.52426212333867672        6.5437155097736635E-002   3.7240093761390217E-002 -0.40569748690288310     
   4.4390090090090091       0.52410261104051048        6.5442336076923180E-002   3.7260395665717823E-002 -0.40715867447199072     
   4.4409909909909917       0.52394322688762418        6.5447639141780173E-002   3.7280746298668892E-002 -0.40861978671820509     
   4.4429729729729734       0.52378397071219784        6.5453063652234841E-002   3.7301145440423344E-002 -0.41008082015551961     
   4.4449549549549552       0.52362484234657369        6.5458608979357361E-002   3.7321592876392931E-002 -0.41154177154009997     
   4.4469369369369369       0.52346584162328091        6.5464274505047965E-002   3.7342088397082966E-002 -0.41300263786118252     
   4.4489189189189187       0.52330696837496171        6.5470059621727264E-002   3.7362631797906908E-002 -0.41446341633243267     
   4.4509009009009013       0.52314822243445713        6.5475963732033959E-002   3.7383222879057612E-002 -0.41592410438359206     
   4.4528828828828830       0.52298960363479763        6.5481986248555862E-002   3.7403861445352980E-002 -0.41738469965255093     
   4.4548648648648648       0.52283111180921338        6.5488126593538198E-002   3.7424547306100717E-002 -0.41884519997766650     
   4.4568468468468474       0.52267274679105424        6.5494384198627242E-002   3.7445280274956749E-002 -0.42030560339042589     
   4.4588288288288291       0.52251450841390623        6.5500758504625139E-002   3.7466060169809870E-002 -0.42176590810840181     
   4.4608108108108109       0.52235639651151966        6.5507248961232473E-002   3.7486886812645670E-002 -0.42322611252850140     
   4.4627927927927935       0.52219841091787789        6.5513855026817322E-002   3.7507760029432159E-002 -0.42468621522041961     
   4.4647747747747752       0.52204055146708106        6.5520576168196024E-002   3.7528679650014787E-002 -0.42614621492040672     
   4.4667567567567570       0.52188281799351377        6.5527411860402160E-002   3.7549645507980102E-002 -0.42760611052534764     
   4.4687387387387387       0.52172521033166519        6.5534361586487677E-002   3.7570657440582661E-002 -0.42906590108684817     
   4.4707207207207205       0.52156772831632003        6.5541424837309903E-002   3.7591715288616628E-002 -0.43052558580585226     
   4.4727027027027031       0.52141037178240079        6.5548601111346236E-002   3.7612818896328441E-002 -0.43198516402714132     
   4.4746846846846848       0.52125314056508920        6.5555889914495277E-002   3.7633968111320637E-002 -0.43344463523438487     
   4.4766666666666666       0.52109603449968434        6.5563290759898946E-002   3.7655162784462098E-002 -0.43490399904507254     
   4.4786486486486492       0.52093905342176405        6.5570803167765798E-002   3.7676402769787648E-002 -0.43636325520580271     
   4.4806306306306309       0.52078219716711704        6.5578426665201306E-002   3.7697687924429374E-002 -0.43782240358775110     
   4.4826126126126127       0.52062546557171674        6.5586160786040348E-002   3.7719018108522094E-002 -0.43928144418223708     
   4.4845945945945944       0.52046885847177116        6.5594005070694225E-002   3.7740393185130977E-002 -0.44074037709647929     
   4.4865765765765770       0.52031237570366928        6.5601959065989063E-002   3.7761813020167165E-002 -0.44219920254953532     
   4.4885585585585588       0.52015601710405612        6.5610022325022554E-002   3.7783277482321034E-002 -0.44365792086838951     
   4.4905405405405405       0.51999978250977352        6.5618194407019548E-002   3.7804786442987542E-002 -0.44511653248411653     
   4.4925225225225223       0.51984367175787249        6.5626474877188909E-002   3.7826339776191986E-002 -0.44657503792825459     
   4.4945045045045049       0.51968768468560012        6.5634863306592933E-002   3.7847937358529399E-002 -0.44803343782932231     
   4.4964864864864866       0.51953182113053031        6.5643359272018531E-002   3.7869579069099560E-002 -0.44949173290937100     
   4.4984684684684684       0.51937608093030174        6.5651962355841517E-002   3.7891264789435587E-002 -0.45094992398074774     
   4.5004504504504510       0.51922046392292542        6.5660672145916810E-002   3.7912994403454352E-002 -0.45240801194292474     
   4.5024324324324327       0.51906496994654294        6.5669488235447424E-002   3.7934767797388004E-002 -0.45386599777945041     
   4.5044144144144145       0.51890959883951449        6.5678410222879041E-002   3.7956584859742404E-002 -0.45532388255502954     
   4.5063963963963962       0.51875435044051355        6.5687437711783814E-002   3.7978445481214686E-002 -0.45678166741268206     
   4.5083783783783780       0.51859922458831853        6.5696570310750282E-002   3.8000349554661784E-002 -0.45823935357097262     
   4.5103603603603606       0.51844422112204047        6.5705807633285027E-002   3.8022296975049857E-002 -0.45969694232144359     
   4.5123423423423423       0.51828933988094672        6.5715149297703918E-002   3.8044287639384909E-002 -0.46115443502595344     
   4.5143243243243241       0.51813458070455698        6.5724594927033933E-002   3.8066321446689783E-002 -0.46261183311431564     
   4.5163063063063067       0.51797994343265175        6.5734144148925547E-002   3.8088398297930565E-002 -0.46406913808188216     
