   10.004498874393590       0.93644647242558543     
   10.023264936777760       0.70520924777522032     
   10.055274212362237       0.41747757628944554     
   10.097690449288061       0.18909500483244404     
   10.146745803623856        6.2547891320406099E-002
   10.198081782583040        1.3957847122438567E-002
   10.247137136918836        1.8249480019002192E-003
   10.289553373844660        1.0582851960188146E-004
   10.321562649429136        1.3979740954069980E-006
   10.340328711813306        3.7801399646699787E-010
  
   10.004498874393590        6.2718971555641295E-002
   10.023264936777760       0.27424490154587788     
   10.055274212362237       0.48215080204875538     
   10.097690449288061       0.55366671787113919     
   10.146745803623856       0.47955788232106916     
   10.198081782583040       0.34005381325113210     
   10.247137136918836       0.21388296858832445     
   10.289553373844660       0.13122681861384769     
   10.321562649429136        8.6624542236435481E-002
   10.340328711813306        6.6684884183908277E-002
   10.349326460600487        5.8527904526599089E-002
   10.368092522984657        4.4075577985951270E-002
   10.400101798569134        2.6092348518090346E-002
   10.442518035494958        1.1818437802027753E-002
   10.491573389830753        3.9092432075253812E-003
   10.542909368789937        8.7236544515241043E-004
   10.591964723125733        1.1405925011876370E-004
   10.634380960051557        6.6142824751175915E-006
   10.666390235636033        8.7373380962937375E-008
   10.685156298020203        2.3625874779187367E-011
  
   10.004498874393590        8.3089993825585459E-004
   10.023264936777760        2.0065104605234925E-002
   10.055274212362237        9.4474113257674366E-002
   10.097690449288061       0.22846511948944084     
   10.146745803623856       0.37405877733057336     
   10.198081782583040       0.47180802490389567     
   10.247137136918836       0.49941210894999732     
   10.289553373844660       0.47715142171734254     
   10.321562649429136       0.43964074698466560     
   10.340328711813306       0.41212025132966457     
   10.349326460600487       0.39793092349742970     
   10.368092522984657       0.36693278660252071     
   10.400101798569134       0.31197656702020909     
   10.442518035494958       0.24065038148401130     
   10.491573389830753       0.16742891122618336     
   10.542909368789937       0.10641090635364833     
   10.591964723125733        6.4112005300691999E-002
   10.634380960051557        3.8924891695064724E-002
   10.666390235636033        2.5667098271673586E-002
   10.685156298020203        1.9758485204916319E-002
   10.694154046807384        1.7341600576232918E-002
   10.712920109191554        1.3059429972791966E-002
   10.744929384776031        7.7310659479511738E-003
   10.787345621701855        3.5017592540868819E-003
   10.836400976037650        1.1582942702917083E-003
   10.887736954996834        2.5847865445776313E-004
   10.936792309332629        3.3795335679695382E-005
   10.979208546258453        1.9597877713658743E-006
   11.011217821842930        2.5888424012866589E-008
   11.029983884227100        7.0002825537630926E-012
  
   10.004498874393590        3.6511801146108047E-006
   10.023264936777760        4.7655512896054074E-004
   10.055274212362237        5.7691577577724442E-003
   10.097690449288061        2.7589558248561383E-002
   10.146745803623856        7.8214036556169042E-002
   10.198081782583040       0.15692533403194989     
   10.247137136918836       0.24632737111896019     
   10.289553373844660       0.32417783552220503     
   10.321562649429136       0.37740129592920829     
   10.340328711813306       0.40481163336695114     
   10.349326460600487       0.41673883277884799     
   10.368092522984657       0.43880001324184553     
   10.400101798569134       0.46686620951905111     
   10.442518035494958       0.48432190787213497     
   10.491573389830753       0.47699674466578573     
   10.542909368789937       0.44194107802814864     
   10.591964723125733       0.38910573057754488     
   10.634380960051557       0.33435833430602485     
   10.666390235636033       0.29081128704578552     
   10.685156298020203       0.26531444821760969     
   10.694154046807384       0.25323557669419916     
   10.712920109191554       0.22853950733966671     
   10.744929384776031       0.18859339168875355     
   10.787345621701855       0.14130241582020056     
   10.836400976037650        9.6142433319832091E-002
   10.887736954996834        6.0294336917812615E-002
   10.936792309332629        3.6120296636658729E-002
   10.979208546258453        2.1898574031180052E-002
   11.011217821842930        1.4437786666785229E-002
   11.029983884227100        1.1114147939633097E-002
   11.038981633014281        9.7546503241310138E-003
   11.057747695398451        7.3459293596954784E-003
   11.089756970982927        4.3487245957225338E-003
   11.132173207908751        1.9697395804238712E-003
   11.181228562244547        6.5154052703908602E-004
   11.232564541203731        1.4539424313249181E-004
   11.281619895539526        1.9009876319828646E-005
   11.324036132465350        1.1023806213933042E-006
   11.356045408049827        1.4562238507237455E-008
   11.374811470433997        3.9376589364917397E-012
  
   10.004498874393590        6.0002722603133316E-009
   10.023264936777760        4.1837617720252876E-006
   10.055274212362237        1.2747538606977006E-004
   10.097690449288061        1.1683970623449940E-003
   10.146745803623856        5.5050989085104161E-003
   10.198081782583040        1.6733746769380359E-002
   10.247137136918836        3.6976808517141808E-002
   10.289553373844660        6.3859112529935105E-002
   10.321562649429136        9.0455270250378750E-002
   10.340328711813306       0.10857950761628919     
   10.349326460600487       0.11791102342057944     
   10.368092522984657       0.13864137007002988     
   10.400101798569134       0.17754415486307781     
   10.442518035494958       0.23428093028308769     
   10.491573389830753       0.30318407668981134     
   10.542909368789937       0.37276132394676526     
   10.591964723125733       0.43029960091630104     
   10.634380960051557       0.46849093371362549     
   10.666390235636033       0.48828346296322389     
   10.685156298020203       0.49586408465106740     
   10.694154046807384       0.49840070318757751     
   10.712920109191554       0.50136820377561542     
   10.744929384776031       0.49920372376249750     
   10.787345621701855       0.48289267715773182     
   10.836400976037650       0.44719822291690919     
   10.887736954996834       0.39494823392069572     
   10.936792309332629       0.33614905579564142     
   10.979208546258453       0.28257128478184573     
   11.011217821842930       0.24259504635671580     
   11.029983884227100       0.21990797159535649     
   11.038981633014281       0.20930833157864903     
   11.057747695398451       0.18789213498618981     
   11.089756970982927       0.15387050140583344     
   11.132173207908751       0.11439886436711870     
   11.181228562244547        7.7362785685603314E-002
   11.232564541203731        4.8335630012852175E-002
   11.281619895539526        2.8909333001902626E-002
   11.324036132465350        1.7519618642705265E-002
   11.356045408049827        1.1550239365192345E-002
   11.374811470433997        8.8913183544189617E-003
   11.383809219221179        7.8037202593044964E-003
   11.402575281605349        5.8767434877561291E-003
   11.434584557189824        3.4789796765779613E-003
   11.477000794115648        1.5757916643390590E-003
   11.526056148451444        5.2123242163125145E-004
   11.577392127410628        1.1631539450598773E-004
   11.626447481746423        1.5207901055861718E-005
   11.668863718672247        8.8190449711451174E-007
   11.700872994256722        1.1649790805790100E-008
   11.719639056640892        3.1501271491934298E-012
  
   10.004498874393590        3.1501271491933951E-012
   10.023264936777760        1.1649790805789973E-008
   10.055274212362237        8.8190449711464430E-007
   10.097690449288061        1.5207901055862934E-005
   10.146745803623856        1.1631539450599352E-004
   10.198081782583040        5.2123242163126934E-004
   10.247137136918836        1.5757916643390989E-003
   10.289553373844660        3.4789796765780307E-003
   10.321562649429136        5.8767434877563893E-003
   10.340328711813306        7.8037202593048199E-003
   10.349326460600487        8.8913183552066233E-003
   10.368092522984657        1.1550242277640201E-002
   10.400101798569134        1.7519839118829744E-002
   10.442518035494958        2.8913134977166865E-002
   10.491573389830753        4.8364708861479026E-002
   10.542909368789937        7.7493093791011589E-002
   10.591964723125733       0.11479281228320401     
   10.634380960051557       0.15474024632497860     
   10.666390235636033       0.18936132085812959     
   10.685156298020203       0.21125926164347589     
   10.694154046807384       0.22213080118363382     
   10.712920109191554       0.24548260498449481     
   10.744929384776031       0.28695109757747100     
   10.787345621701855       0.34337480488975786     
   10.836400976037650       0.40702002523698194     
   10.887736954996834       0.46648462429439091     
   10.936792309332629       0.51132824828447687     
   10.979208546258453       0.53730895539764600     
   11.011217821842930       0.54772907674218885     
   11.029983884227100       0.54991489855522901     
   11.038981633014281       0.54991489855522901     
   11.057747695398451       0.54772907674218851     
   11.089756970982927       0.53730895539764589     
   11.132173207908751       0.51132824828447632     
   11.181228562244547       0.46648462429439014     
   11.232564541203731       0.40702002523698094     
   11.281619895539526       0.34337480488975680     
   11.324036132465350       0.28695109757746984     
   11.356045408049827       0.24548260498449365     
   11.374811470433997       0.22213080118363274     
   11.383809219221179       0.21125926164347275     
   11.402575281605349       0.18936132085812643     
   11.434584557189824       0.15474024632497757     
   11.477000794115648       0.11479281228320311     
   11.526056148451444        7.7493093791010839E-002
   11.577392127410628        4.8364708861478457E-002
   11.626447481746423        2.8913134977166455E-002
   11.668863718672247        1.7519839118829452E-002
   11.700872994256722        1.1550242277640267E-002
   11.719639056640892        8.8913183552066753E-003
   11.728636805428073        7.8037202593048650E-003
   11.747402867812244        5.8767434877562601E-003
   11.779412143396719        3.4789796765780502E-003
   11.821828380322543        1.5757916643391074E-003
   11.870883734658339        5.2123242163127216E-004
   11.922219713617523        1.1631539450599417E-004
   11.971275067953318        1.5207901055863019E-005
   12.013691304879142        8.8190449711464917E-007
   12.045700580463617        1.1649790805794487E-008
   12.064466642847789        3.1501271491934133E-012
  
   10.349326460600487        3.1501271491933995E-012
   10.368092522984657        1.1649790805789988E-008
   10.400101798569134        8.8190449711464547E-007
   10.442518035494958        1.5207901055862953E-005
   10.491573389830753        1.1631539450599366E-004
   10.542909368789937        5.2123242163126999E-004
   10.591964723125733        1.5757916643391004E-003
   10.634380960051557        3.4789796765780346E-003
   10.666390235636033        5.8767434877563971E-003
   10.685156298020203        7.8037202593048312E-003
   10.694154046807384        8.8913183552066372E-003
   10.712920109191554        1.1550242277640219E-002
   10.744929384776031        1.7519839118829761E-002
   10.787345621701855        2.8913134977166900E-002
   10.836400976037650        4.8364708861479103E-002
   10.887736954996834        7.7493093791011686E-002
   10.936792309332629       0.11479281228320415     
   10.979208546258453       0.15474024632497879     
   11.011217821842930       0.18936132085812984     
   11.029983884227100       0.21125926164347625     
   11.038981633014281       0.22213080118363412     
   11.057747695398451       0.24548260498449506     
   11.089756970982927       0.28695109757747139     
   11.132173207908751       0.34337480488975830     
   11.181228562244547       0.40702002523698222     
   11.232564541203731       0.46648462429439130     
   11.281619895539526       0.51132824828447732     
   11.324036132465350       0.53730895539764645     
   11.356045408049827       0.54772907674218896     
   11.374811470433997       0.54991489855522924     
   11.383809219221179       0.54991489855522924     
   11.402575281605349       0.54772907674218829     
   11.434584557189824       0.53730895539764578     
   11.477000794115648       0.51132824828447632     
   11.526056148451444       0.46648462429438986     
   11.577392127410628       0.40702002523698055     
   11.626447481746423       0.34337480488975636     
   11.668863718672247       0.28695109757746934     
   11.700872994256722       0.24548260498449542     
   11.719639056640892       0.22213080118363440     
   11.728636805428073       0.21125926164347653     
   11.747402867812244       0.18936132085812810     
   11.779412143396719       0.15474024632497904     
   11.821828380322543       0.11479281228320432     
   11.870883734658339        7.7493093791011824E-002
   11.922219713617523        4.8364708861479172E-002
   11.971275067953318        2.8913134977166955E-002
   12.013691304879142        1.7519839118829792E-002
   12.045700580463617        1.1550242277640512E-002
   12.064466642847789        8.8913183552066510E-003
   12.073464391634969        7.8037202593048442E-003
   12.092230454019141        5.8767434877562454E-003
   12.124239729603616        3.4789796765780411E-003
   12.166655966529440        1.5757916643391033E-003
   12.215711320865235        5.2123242163127086E-004
   12.267047299824419        1.1631539450599387E-004
   12.316102654160215        1.5207901055862983E-005
   12.358518891086039        8.8190449711464706E-007
   12.390528166670514        1.1649790805794456E-008
   12.409294229054685        3.1501271491934052E-012
  
   10.694154046807384        3.1501271491934052E-012
   10.712920109191554        1.1649790805790009E-008
   10.744929384776031        8.8190449711464706E-007
   10.787345621701855        1.5207901055862983E-005
   10.836400976037650        1.1631539450599387E-004
   10.887736954996834        5.2123242163127086E-004
   10.936792309332629        1.5757916643391033E-003
   10.979208546258453        3.4789796765780411E-003
   11.011217821842930        5.8767434877564084E-003
   11.029983884227100        7.8037202593048442E-003
   11.038981633014281        8.8913183552066510E-003
   11.057747695398451        1.1550242277640238E-002
   11.089756970982927        1.7519839118829792E-002
   11.132173207908751        2.8913134977166955E-002
   11.181228562244547        4.8364708861479172E-002
   11.232564541203731        7.7493093791011824E-002
   11.281619895539526       0.11479281228320432     
   11.324036132465350       0.15474024632497904     
   11.356045408049827       0.18936132085813015     
   11.374811470433997       0.21125926164347653     
   11.383809219221179       0.22213080118363662     
   11.402575281605349       0.24548260498449770     
   11.434584557189824       0.28695109757747173     
   11.477000794115648       0.34337480488975869     
   11.526056148451444       0.40702002523698272     
   11.577392127410628       0.46648462429439169     
   11.626447481746423       0.51132824828447765     
   11.668863718672247       0.53730895539764667     
   11.700872994256722       0.54772907674218863     
   11.719639056640892       0.54991489855522924     
   11.728636805428073       0.54991489855522924     
   11.747402867812244       0.54772907674218851     
   11.779412143396719       0.53730895539764645     
   11.821828380322543       0.51132824828447732     
   11.870883734658339       0.46648462429439130     
   11.922219713617523       0.40702002523698222     
   11.971275067953318       0.34337480488975830     
   12.013691304879142       0.28695109757747139     
   12.045700580463617       0.24548260498449734     
   12.064466642847789       0.22213080118363412     
   12.073464391634969       0.21125926164347625     
   12.092230454019141       0.18936132085812785     
   12.124239729603616       0.15474024632497879     
   12.166655966529440       0.11479281228320415     
   12.215711320865235        7.7493093791011686E-002
   12.267047299824419        4.8364708861479103E-002
   12.316102654160215        2.8913134977166900E-002
   12.358518891086039        1.7519839118829761E-002
   12.390528166670514        1.1550242277640494E-002
   12.409294229054685        8.8913183552066372E-003
   12.418291977841866        7.8037202593048312E-003
   12.437058040226038        5.8767434877562358E-003
   12.469067315810513        3.4789796765780346E-003
   12.511483552736337        1.5757916643391004E-003
   12.560538907072132        5.2123242163126999E-004
   12.611874886031316        1.1631539450599366E-004
   12.660930240367112        1.5207901055862953E-005
   12.703346477292936        8.8190449711464547E-007
   12.735355752877410        1.1649790805794438E-008
   12.754121815261582        3.1501271491933995E-012
  
   11.038981633014281        3.1501271491934133E-012
   11.057747695398451        1.1649790805790041E-008
   11.089756970982927        8.8190449711464917E-007
   11.132173207908751        1.5207901055863019E-005
   11.181228562244547        1.1631539450599417E-004
   11.232564541203731        5.2123242163127216E-004
   11.281619895539526        1.5757916643391074E-003
   11.324036132465350        3.4789796765780502E-003
   11.356045408049827        5.8767434877564232E-003
   11.374811470433997        7.8037202593048650E-003
   11.383809219221179        8.8913183552069008E-003
   11.402575281605349        1.1550242277640541E-002
   11.434584557189824        1.7519839118829837E-002
   11.477000794115648        2.8913134977167028E-002
   11.526056148451444        4.8364708861479297E-002
   11.577392127410628        7.7493093791012005E-002
   11.626447481746423       0.11479281228320458     
   11.668863718672247       0.15474024632497937     
   11.700872994256722       0.18936132085812851     
   11.719639056640892       0.21125926164347480     
   11.728636805428073       0.22213080118363274     
   11.747402867812244       0.24548260498449587     
   11.779412143396719       0.28695109757746984     
   11.821828380322543       0.34337480488975680     
   11.870883734658339       0.40702002523698094     
   11.922219713617523       0.46648462429439014     
   11.971275067953318       0.51132824828447632     
   12.013691304879142       0.53730895539764589     
   12.045700580463617       0.54772907674218818     
   12.064466642847789       0.54991489855522901     
   12.073464391634969       0.54991489855522901     
   12.092230454019141       0.54772907674218840     
   12.124239729603616       0.53730895539764600     
   12.166655966529440       0.51132824828447687     
   12.215711320865235       0.46648462429439091     
   12.267047299824419       0.40702002523698194     
   12.316102654160215       0.34337480488975786     
   12.358518891086039       0.28695109757747100     
   12.390528166670514       0.24548260498449703     
   12.409294229054685       0.22213080118363382     
   12.418291977841866       0.21125926164347589     
   12.437058040226038       0.18936132085812754     
   12.469067315810513       0.15474024632497860     
   12.511483552736337       0.11479281228320401     
   12.560538907072132        7.7493093791011589E-002
   12.611874886031316        4.8364708861479026E-002
   12.660930240367112        2.8913134977166865E-002
   12.703346477292936        1.7519839118829744E-002
   12.735355752877410        1.1550242277640481E-002
   12.754121815261582        8.8913183552066233E-003
   12.763119564048763        7.8037202593048199E-003
   12.781885626432935        5.8767434877562271E-003
   12.813894902017410        3.4789796765780307E-003
   12.856311138943234        1.5757916643390989E-003
   12.905366493279029        5.2123242163126934E-004
   12.956702472238213        1.1631539450599352E-004
   13.005757826574008        1.5207901055862934E-005
   13.048174063499832        8.8190449711464430E-007
   13.080183339084307        1.1649790805794423E-008
   13.098949401468479        3.1501271491933951E-012
  
   11.383809219221179        3.1501271491996482E-012
   11.402575281605349        1.1649790805794547E-008
   11.434584557189824        8.8190449711465373E-007
   11.477000794115648        1.5207901055863098E-005
   11.526056148451444        1.1631539450599477E-004
   11.577392127410628        5.2123242163127487E-004
   11.626447481746423        1.5757916643391156E-003
   11.668863718672247        3.4789796765780680E-003
   11.700872994256722        5.8767434877562905E-003
   11.719639056640892        7.8037202593047002E-003
   11.728636805428073        8.8913183552064932E-003
   11.747402867812244        1.1550242277640326E-002
   11.779412143396719        1.7519839118829539E-002
   11.821828380322543        2.8913134977166587E-002
   11.870883734658339        4.8364708861478672E-002
   11.922219713617523        7.7493093791011117E-002
   11.971275067953318       0.11479281228320347     
   12.013691304879142       0.15474024632497799     
   12.045700580463617       0.18936132085812685     
   12.064466642847789       0.21125926164347528     
   12.073464391634969       0.22213080118363315     
   12.092230454019141       0.24548260498449631     
   12.124239729603616       0.28695109757747023     
   12.166655966529440       0.34337480488975719     
   12.215711320865235       0.40702002523698111     
   12.267047299824419       0.46648462429439025     
   12.316102654160215       0.51132824828447632     
   12.358518891086039       0.53730895539764567     
   12.390528166670514       0.54772907674218807     
   12.409294229054685       0.54991489855522879     
   12.418291977841866       0.54991489855522890     
   12.437058040226038       0.54772907674218807     
   12.469067315810513       0.53730895539764578     
   12.511483552736337       0.51132824828447654     
   12.560538907072132       0.46648462429439058     
   12.611874886031316       0.40702002523698144     
   12.660930240367112       0.34337480488975758     
   12.703346477292936       0.28695109757747073     
   12.735355752877410       0.24548260498449678     
   12.754121815261582       0.22213080118363368     
   12.763119564048763       0.21125926164347572     
   12.781885626432935       0.18936132085812735     
   12.813894902017410       0.15474024632497846     
   12.856311138943234       0.11479281228320391     
   12.905366493279029        7.7493093791011519E-002
   12.956702472238213        4.8364708861478985E-002
   13.005757826574008        2.8913134977166830E-002
   13.048174063499832        1.7519839118829719E-002
   13.080183339084307        1.1550242277640467E-002
   13.098949401468479        8.8913183552066181E-003
   13.107947150255660        7.8037202593048121E-003
   13.126713212639832        5.8767434877562219E-003
   13.158722488224306        3.4789796765780281E-003
   13.201138725150130        1.5757916643390974E-003
   13.250194079485926        5.2123242163126880E-004
   13.301530058445110        1.1631539450599340E-004
   13.350585412780905        1.5207901055862915E-005
   13.393001649706729        8.8190449711464335E-007
   13.425010925291204        1.1649790805794408E-008
   13.443776987675376        3.1501271491933919E-012
  
   11.728636805428073        3.1501271491933919E-012
   11.747402867812244        1.1649790805794408E-008
   11.779412143396719        8.8190449711464335E-007
   11.821828380322543        1.5207901055862915E-005
   11.870883734658339        1.1631539450599340E-004
   11.922219713617523        5.2123242163126880E-004
   11.971275067953318        1.5757916643390974E-003
   12.013691304879142        3.4789796765780281E-003
   12.045700580463617        5.8767434877562219E-003
   12.064466642847789        7.8037202593048121E-003
   12.073464391634969        8.8913183552066181E-003
   12.092230454019141        1.1550242277640467E-002
   12.124239729603616        1.7519839118829719E-002
   12.166655966529440        2.8913134977166830E-002
   12.215711320865235        4.8364708861478985E-002
   12.267047299824419        7.7493093791011519E-002
   12.316102654160215       0.11479281228320391     
   12.358518891086039       0.15474024632497846     
   12.390528166670514       0.18936132085812735     
   12.409294229054685       0.21125926164347572     
   12.418291977841866       0.22213080118363368     
   12.437058040226038       0.24548260498449678     
   12.469067315810513       0.28695109757747073     
   12.511483552736337       0.34337480488975758     
   12.560538907072132       0.40702002523698144     
   12.611874886031316       0.46648462429439058     
   12.660930240367112       0.51132824828447654     
   12.703346477292936       0.53730895539764578     
   12.735355752877410       0.54772907674218807     
   12.754121815261582       0.54991489855522890     
   12.763119564048763       0.54991489855522879     
   12.781885626432935       0.54772907674218807     
   12.813894902017410       0.53730895539764567     
   12.856311138943234       0.51132824828447632     
   12.905366493279029       0.46648462429439025     
   12.956702472238213       0.40702002523698111     
   13.005757826574008       0.34337480488975719     
   13.048174063499832       0.28695109757747023     
   13.080183339084307       0.24548260498449631     
   13.098949401468479       0.22213080118363315     
   13.107947150255660       0.21125926164347528     
   13.126713212639832       0.18936132085812685     
   13.158722488224306       0.15474024632497799     
   13.201138725150130       0.11479281228320347     
   13.250194079485926        7.7493093791011117E-002
   13.301530058445110        4.8364708861478672E-002
   13.350585412780905        2.8913134977166587E-002
   13.393001649706729        1.7519839118829539E-002
   13.425010925291204        1.1550242277640326E-002
   13.443776987675376        8.8913183552064932E-003
   13.452774736462557        7.8037202593047002E-003
   13.471540798846727        5.8767434877562905E-003
   13.503550074431201        3.4789796765780680E-003
   13.545966311357025        1.5757916643391156E-003
   13.595021665692821        5.2123242163127487E-004
   13.646357644652005        1.1631539450599477E-004
   13.695412998987800        1.5207901055863098E-005
   13.737829235913624        8.8190449711465373E-007
   13.769838511498099        1.1649790805794547E-008
   13.788604573882269        3.1501271491996482E-012
  
   12.073464391634969        3.1501271491933951E-012
   12.092230454019141        1.1649790805794423E-008
   12.124239729603616        8.8190449711464430E-007
   12.166655966529440        1.5207901055862934E-005
   12.215711320865235        1.1631539450599352E-004
   12.267047299824419        5.2123242163126934E-004
   12.316102654160215        1.5757916643390989E-003
   12.358518891086039        3.4789796765780307E-003
   12.390528166670514        5.8767434877562271E-003
   12.409294229054685        7.8037202593048199E-003
   12.418291977841866        8.8913183552066233E-003
   12.437058040226038        1.1550242277640481E-002
   12.469067315810513        1.7519839118829744E-002
   12.511483552736337        2.8913134977166865E-002
   12.560538907072132        4.8364708861479026E-002
   12.611874886031316        7.7493093791011589E-002
   12.660930240367112       0.11479281228320401     
   12.703346477292936       0.15474024632497860     
   12.735355752877410       0.18936132085812754     
   12.754121815261582       0.21125926164347589     
   12.763119564048763       0.22213080118363382     
   12.781885626432935       0.24548260498449703     
   12.813894902017410       0.28695109757747100     
   12.856311138943234       0.34337480488975786     
   12.905366493279029       0.40702002523698194     
   12.956702472238213       0.46648462429439091     
   13.005757826574008       0.51132824828447687     
   13.048174063499832       0.53730895539764600     
   13.080183339084307       0.54772907674218840     
   13.098949401468479       0.54991489855522901     
   13.107947150255660       0.54991489855522901     
   13.126713212639832       0.54772907674218818     
   13.158722488224306       0.53730895539764589     
   13.201138725150130       0.51132824828447632     
   13.250194079485926       0.46648462429439014     
   13.301530058445110       0.40702002523698094     
   13.350585412780905       0.34337480488975680     
   13.393001649706729       0.28695109757746984     
   13.425010925291204       0.24548260498449587     
   13.443776987675376       0.22213080118363274     
   13.452774736462557       0.21125926164347480     
   13.471540798846727       0.18936132085812851     
   13.503550074431201       0.15474024632497937     
   13.545966311357025       0.11479281228320458     
   13.595021665692821        7.7493093791012005E-002
   13.646357644652005        4.8364708861479297E-002
   13.695412998987800        2.8913134977167028E-002
   13.737829235913624        1.7519839118829837E-002
   13.769838511498099        1.1550242277640541E-002
   13.788604573882269        8.8913183552069008E-003
   13.797602322669452        7.8037202593048650E-003
   13.816368385053622        5.8767434877564232E-003
   13.848377660638098        3.4789796765780502E-003
   13.890793897563922        1.5757916643391074E-003
   13.939849251899718        5.2123242163127216E-004
   13.991185230858902        1.1631539450599417E-004
   14.040240585194697        1.5207901055863019E-005
   14.082656822120521        8.8190449711464917E-007
   14.114666097704998        1.1649790805790041E-008
   14.133432160089168        3.1501271491934133E-012
  
   12.418291977841866        3.1501271491933995E-012
   12.437058040226038        1.1649790805794438E-008
   12.469067315810513        8.8190449711464547E-007
   12.511483552736337        1.5207901055862953E-005
   12.560538907072132        1.1631539450599366E-004
   12.611874886031316        5.2123242163126999E-004
   12.660930240367112        1.5757916643391004E-003
   12.703346477292936        3.4789796765780346E-003
   12.735355752877410        5.8767434877562358E-003
   12.754121815261582        7.8037202593048312E-003
   12.763119564048763        8.8913183552066372E-003
   12.781885626432935        1.1550242277640494E-002
   12.813894902017410        1.7519839118829761E-002
   12.856311138943234        2.8913134977166900E-002
   12.905366493279029        4.8364708861479103E-002
   12.956702472238213        7.7493093791011686E-002
   13.005757826574008       0.11479281228320415     
   13.048174063499832       0.15474024632497879     
   13.080183339084307       0.18936132085812785     
   13.098949401468479       0.21125926164347625     
   13.107947150255660       0.22213080118363412     
   13.126713212639832       0.24548260498449734     
   13.158722488224306       0.28695109757747139     
   13.201138725150130       0.34337480488975830     
   13.250194079485926       0.40702002523698222     
   13.301530058445110       0.46648462429439130     
   13.350585412780905       0.51132824828447732     
   13.393001649706729       0.53730895539764645     
   13.425010925291204       0.54772907674218851     
   13.443776987675376       0.54991489855522924     
   13.452774736462557       0.54991489855522924     
   13.471540798846727       0.54772907674218863     
   13.503550074431201       0.53730895539764667     
   13.545966311357025       0.51132824828447765     
   13.595021665692821       0.46648462429439169     
   13.646357644652005       0.40702002523698272     
   13.695412998987800       0.34337480488975869     
   13.737829235913624       0.28695109757747173     
   13.769838511498099       0.24548260498449770     
   13.788604573882269       0.22213080118363662     
   13.797602322669452       0.21125926164347653     
   13.816368385053622       0.18936132085813015     
   13.848377660638098       0.15474024632497904     
   13.890793897563922       0.11479281228320432     
   13.939849251899718        7.7493093791011824E-002
   13.991185230858902        4.8364708861479172E-002
   14.040240585194697        2.8913134977166955E-002
   14.082656822120521        1.7519839118829792E-002
   14.114666097704998        1.1550242277640238E-002
   14.133432160089168        8.8913183552066510E-003
   14.142429908876348        7.8037202593048442E-003
   14.161195971260518        5.8767434877564084E-003
   14.193205246844995        3.4789796765780411E-003
   14.235621483770819        1.5757916643391033E-003
   14.284676838106614        5.2123242163127086E-004
   14.336012817065798        1.1631539450599387E-004
   14.385068171401594        1.5207901055862983E-005
   14.427484408327418        8.8190449711464706E-007
   14.459493683911894        1.1649790805790009E-008
   14.478259746296064        3.1501271491934052E-012
  
   12.763119564048763        3.1501271491934052E-012
   12.781885626432935        1.1649790805794456E-008
   12.813894902017410        8.8190449711464706E-007
   12.856311138943234        1.5207901055862983E-005
   12.905366493279029        1.1631539450599387E-004
   12.956702472238213        5.2123242163127086E-004
   13.005757826574008        1.5757916643391033E-003
   13.048174063499832        3.4789796765780411E-003
   13.080183339084307        5.8767434877562454E-003
   13.098949401468479        7.8037202593048442E-003
   13.107947150255660        8.8913183552066510E-003
   13.126713212639832        1.1550242277640512E-002
   13.158722488224306        1.7519839118829792E-002
   13.201138725150130        2.8913134977166955E-002
   13.250194079485926        4.8364708861479172E-002
   13.301530058445110        7.7493093791011824E-002
   13.350585412780905       0.11479281228320432     
   13.393001649706729       0.15474024632497904     
   13.425010925291204       0.18936132085812810     
   13.443776987675376       0.21125926164347653     
   13.452774736462557       0.22213080118363440     
   13.471540798846727       0.24548260498449542     
   13.503550074431201       0.28695109757746934     
   13.545966311357025       0.34337480488975636     
   13.595021665692821       0.40702002523698055     
   13.646357644652005       0.46648462429438986     
   13.695412998987800       0.51132824828447632     
   13.737829235913624       0.53730895539764578     
   13.769838511498099       0.54772907674218829     
   13.788604573882269       0.54991489855522924     
   13.797602322669452       0.54991489855522924     
   13.816368385053622       0.54772907674218896     
   13.848377660638098       0.53730895539764645     
   13.890793897563922       0.51132824828447732     
   13.939849251899718       0.46648462429439130     
   13.991185230858902       0.40702002523698222     
   14.040240585194697       0.34337480488975830     
   14.082656822120521       0.28695109757747139     
   14.114666097704998       0.24548260498449506     
   14.133432160089168       0.22213080118363412     
   14.142429908876348       0.21125926164347625     
   14.161195971260518       0.18936132085812984     
   14.193205246844995       0.15474024632497879     
   14.235621483770819       0.11479281228320415     
   14.284676838106614        7.7493093791011686E-002
   14.336012817065798        4.8364708861479103E-002
   14.385068171401594        2.8913134977166900E-002
   14.427484408327418        1.7519839118829761E-002
   14.459493683911894        1.1550242277640219E-002
   14.478259746296064        8.8913183552066372E-003
   14.487257495083245        7.8037202593048312E-003
   14.506023557467415        5.8767434877563971E-003
   14.538032833051892        3.4789796765780346E-003
   14.580449069977716        1.5757916643391004E-003
   14.629504424313511        5.2123242163126999E-004
   14.680840403272695        1.1631539450599366E-004
   14.729895757608491        1.5207901055862953E-005
   14.772311994534315        8.8190449711464547E-007
   14.804321270118791        1.1649790805789988E-008
   14.823087332502961        3.1501271491933995E-012
  
   13.107947150255660        3.1501271491934133E-012
   13.126713212639832        1.1649790805794487E-008
   13.158722488224306        8.8190449711464917E-007
   13.201138725150130        1.5207901055863019E-005
   13.250194079485926        1.1631539450599417E-004
   13.301530058445110        5.2123242163127216E-004
   13.350585412780905        1.5757916643391074E-003
   13.393001649706729        3.4789796765780502E-003
   13.425010925291204        5.8767434877562601E-003
   13.443776987675376        7.8037202593048650E-003
   13.452774736462557        8.8913183552066753E-003
   13.471540798846727        1.1550242277640267E-002
   13.503550074431201        1.7519839118829452E-002
   13.545966311357025        2.8913134977166455E-002
   13.595021665692821        4.8364708861478457E-002
   13.646357644652005        7.7493093791010839E-002
   13.695412998987800       0.11479281228320311     
   13.737829235913624       0.15474024632497757     
   13.769838511498099       0.18936132085812643     
   13.788604573882269       0.21125926164347275     
   13.797602322669452       0.22213080118363274     
   13.816368385053622       0.24548260498449365     
   13.848377660638098       0.28695109757746984     
   13.890793897563922       0.34337480488975680     
   13.939849251899718       0.40702002523698094     
   13.991185230858902       0.46648462429439014     
   14.040240585194697       0.51132824828447632     
   14.082656822120521       0.53730895539764589     
   14.114666097704998       0.54772907674218851     
   14.133432160089168       0.54991489855522901     
   14.142429908876348       0.54991489855522901     
   14.161195971260518       0.54772907674218885     
   14.193205246844995       0.53730895539764600     
   14.235621483770819       0.51132824828447687     
   14.284676838106614       0.46648462429439091     
   14.336012817065798       0.40702002523698194     
   14.385068171401594       0.34337480488975786     
   14.427484408327418       0.28695109757747100     
   14.459493683911894       0.24548260498449481     
   14.478259746296064       0.22213080118363382     
   14.487257495083245       0.21125926164347589     
   14.506023557467415       0.18936132085812959     
   14.538032833051892       0.15474024632497860     
   14.580449069977716       0.11479281228320401     
   14.629504424313511        7.7493093791011589E-002
   14.680840403272695        4.8364708861479026E-002
   14.729895757608491        2.8913134977166865E-002
   14.772311994534315        1.7519839118829744E-002
   14.804321270118791        1.1550242277640201E-002
   14.823087332502961        8.8913183552066233E-003
   14.832085081290142        7.8037202593048199E-003
   14.850851143674312        5.8767434877563893E-003
   14.882860419258789        3.4789796765780307E-003
   14.925276656184613        1.5757916643390989E-003
   14.974332010520408        5.2123242163126934E-004
   15.025667989479592        1.1631539450599352E-004
   15.074723343815387        1.5207901055862934E-005
   15.117139580741211        8.8190449711464430E-007
   15.149148856325688        1.1649790805789973E-008
   15.167914918709858        3.1501271491933951E-012
  
   13.452774736462557        3.1501271491934298E-012
   13.471540798846727        1.1649790805790100E-008
   13.503550074431201        8.8190449711451174E-007
   13.545966311357025        1.5207901055861718E-005
   13.595021665692821        1.1631539450598773E-004
   13.646357644652005        5.2123242163125145E-004
   13.695412998987800        1.5757916643390590E-003
   13.737829235913624        3.4789796765779613E-003
   13.769838511498099        5.8767434877561291E-003
   13.788604573882269        7.8037202593044964E-003
   13.797602322669452        8.8913183552064932E-003
   13.816368385053622        1.1550242277640050E-002
   13.848377660638098        1.7519839118829539E-002
   13.890793897563922        2.8913134977166587E-002
   13.939849251899718        4.8364708861478672E-002
   13.991185230858902        7.7493093791011117E-002
   14.040240585194697       0.11479281228320347     
   14.082656822120521       0.15474024632497799     
   14.114666097704998       0.18936132085812890     
   14.133432160089168       0.21125926164347528     
   14.142429908876348       0.22213080118363315     
   14.161195971260518       0.24548260498449406     
   14.193205246844995       0.28695109757747023     
   14.235621483770819       0.34337480488975719     
   14.284676838106614       0.40702002523698111     
   14.336012817065798       0.46648462429439025     
   14.385068171401594       0.51132824828447632     
   14.427484408327418       0.53730895539764567     
   14.459493683911894       0.54772907674218829     
   14.478259746296064       0.54991489855522879     
   14.487257495083245       0.54991489855522890     
   14.506023557467415       0.54772907674218851     
   14.538032833051892       0.53730895539764578     
   14.580449069977716       0.51132824828447654     
   14.629504424313511       0.46648462429439058     
   14.680840403272695       0.40702002523698144     
   14.729895757608491       0.34337480488975758     
   14.772311994534315       0.28695109757747073     
   14.804321270118791       0.24548260498449462     
   14.823087332502961       0.22213080118363368     
   14.832085081290142       0.21125926164347572     
   14.850851143674312       0.18936132085812940     
   14.882860419258789       0.15474024632497846     
   14.925276656184613       0.11479281228320391     
   14.974332010520408        7.7493093791011519E-002
   15.025667989479592        4.8364708861478985E-002
   15.074723343815387        2.8913134977166830E-002
   15.117139580741211        1.7519839118829719E-002
   15.149148856325688        1.1550242277640191E-002
   15.167914918709858        8.8913183552066181E-003
   15.176912667497039        7.8037202593048121E-003
   15.195678729881209        5.8767434877563859E-003
   15.227688005465685        3.4789796765780281E-003
   15.270104242391509        1.5757916643390974E-003
   15.319159596727305        5.2123242163126880E-004
   15.370495575686489        1.1631539450599340E-004
   15.419550930022284        1.5207901055862915E-005
   15.461967166948108        8.8190449711464335E-007
   15.493976442532585        1.1649790805789963E-008
   15.512742504916755        3.1501271491933919E-012
  
   13.797602322669452        3.1501271491933919E-012
   13.816368385053622        1.1649790805789963E-008
   13.848377660638098        8.8190449711464335E-007
   13.890793897563922        1.5207901055862915E-005
   13.939849251899718        1.1631539450599340E-004
   13.991185230858902        5.2123242163126880E-004
   14.040240585194697        1.5757916643390974E-003
   14.082656822120521        3.4789796765780281E-003
   14.114666097704998        5.8767434877563859E-003
   14.133432160089168        7.8037202593048121E-003
   14.142429908876348        8.8913183552066181E-003
   14.161195971260518        1.1550242277640191E-002
   14.193205246844995        1.7519839118829719E-002
   14.235621483770819        2.8913134977166830E-002
   14.284676838106614        4.8364708861478985E-002
   14.336012817065798        7.7493093791011519E-002
   14.385068171401594       0.11479281228320391     
   14.427484408327418       0.15474024632497846     
   14.459493683911894       0.18936132085812940     
   14.478259746296064       0.21125926164347572     
   14.487257495083245       0.22213080118363368     
   14.506023557467415       0.24548260498449462     
   14.538032833051892       0.28695109757747073     
   14.580449069977716       0.34337480488975769     
   14.629504424313511       0.40702002523698161     
   14.680840403272695       0.46648462429439069     
   14.729895757608491       0.51132824828447665     
   14.772311994534315       0.53730895539764600     
   14.804321270118791       0.54772907674218863     
   14.823087332502961       0.54991489855522901     
   14.832085081290142       0.54991489855522901     
   14.850851143674312       0.54772907674218863     
   14.882860419258789       0.53730895539764600     
   14.925276656184613       0.51132824828447665     
   14.974332010520408       0.46648462429439069     
   15.025667989479592       0.40702002523698161     
   15.074723343815387       0.34337480488975769     
   15.117139580741211       0.28695109757747073     
   15.149148856325688       0.24548260498449462     
   15.167914918709858       0.22213080118363368     
   15.176912667497039       0.21125926164347572     
   15.195678729881209       0.18936132085812940     
   15.227688005465685       0.15474024632497846     
   15.270104242391509       0.11479281228320391     
   15.319159596727305        7.7493093791011519E-002
   15.370495575686489        4.8364708861478985E-002
   15.419550930022284        2.8913134977166830E-002
   15.461967166948108        1.7519839118829719E-002
   15.493976442532585        1.1550242277640191E-002
   15.512742504916755        8.8913183552066181E-003
   15.521740253703936        7.8037202593048121E-003
   15.540506316088106        5.8767434877563859E-003
   15.572515591672582        3.4789796765780281E-003
   15.614931828598406        1.5757916643390974E-003
   15.663987182934202        5.2123242163126880E-004
   15.715323161893386        1.1631539450599340E-004
   15.764378516229181        1.5207901055862915E-005
   15.806794753155005        8.8190449711464335E-007
   15.838804028739482        1.1649790805789963E-008
   15.857570091123652        3.1501271491933919E-012
  
   14.142429908876348        3.1501271491933919E-012
   14.161195971260518        1.1649790805789963E-008
   14.193205246844995        8.8190449711464335E-007
   14.235621483770819        1.5207901055862915E-005
   14.284676838106614        1.1631539450599340E-004
   14.336012817065798        5.2123242163126880E-004
   14.385068171401594        1.5757916643390974E-003
   14.427484408327418        3.4789796765780281E-003
   14.459493683911894        5.8767434877563859E-003
   14.478259746296064        7.8037202593048121E-003
   14.487257495083245        8.8913183552066181E-003
   14.506023557467415        1.1550242277640191E-002
   14.538032833051892        1.7519839118829719E-002
   14.580449069977716        2.8913134977166830E-002
   14.629504424313511        4.8364708861478985E-002
   14.680840403272695        7.7493093791011519E-002
   14.729895757608491       0.11479281228320391     
   14.772311994534315       0.15474024632497846     
   14.804321270118791       0.18936132085812940     
   14.823087332502961       0.21125926164347572     
   14.832085081290142       0.22213080118363368     
   14.850851143674312       0.24548260498449462     
   14.882860419258789       0.28695109757747073     
   14.925276656184613       0.34337480488975769     
   14.974332010520408       0.40702002523698161     
   15.025667989479592       0.46648462429439069     
   15.074723343815387       0.51132824828447665     
   15.117139580741211       0.53730895539764600     
   15.149148856325688       0.54772907674218863     
   15.167914918709858       0.54991489855522901     
   15.176912667497039       0.54991489855522901     
   15.195678729881209       0.54772907674218863     
   15.227688005465685       0.53730895539764600     
   15.270104242391509       0.51132824828447665     
   15.319159596727305       0.46648462429439069     
   15.370495575686489       0.40702002523698161     
   15.419550930022284       0.34337480488975769     
   15.461967166948108       0.28695109757747073     
   15.493976442532585       0.24548260498449462     
   15.512742504916755       0.22213080118363368     
   15.521740253703936       0.21125926164347572     
   15.540506316088106       0.18936132085812940     
   15.572515591672582       0.15474024632497846     
   15.614931828598406       0.11479281228320391     
   15.663987182934202        7.7493093791011519E-002
   15.715323161893386        4.8364708861478985E-002
   15.764378516229181        2.8913134977166830E-002
   15.806794753155005        1.7519839118829719E-002
   15.838804028739482        1.1550242277640191E-002
   15.857570091123652        8.8913183552066181E-003
   15.866567839910832        7.8037202593048121E-003
   15.885333902295002        5.8767434877563859E-003
   15.917343177879479        3.4789796765780281E-003
   15.959759414805303        1.5757916643390974E-003
   16.008814769141100        5.2123242163124549E-004
   16.060150748100281        1.1631539450600046E-004
   16.109206102436080        1.5207901055861538E-005
   16.151622339361900        8.8190449711478491E-007
   16.183631614946378        1.1649790805789963E-008
   16.202397677330548        3.1501271491933919E-012
  
   14.487257495083245        3.1501271491933919E-012
   14.506023557467415        1.1649790805789963E-008
   14.538032833051892        8.8190449711464335E-007
   14.580449069977716        1.5207901055862915E-005
   14.629504424313511        1.1631539450599340E-004
   14.680840403272695        5.2123242163126880E-004
   14.729895757608491        1.5757916643390974E-003
   14.772311994534315        3.4789796765780281E-003
   14.804321270118791        5.8767434877563859E-003
   14.823087332502961        7.8037202593048121E-003
   14.832085081290142        8.8913183552066181E-003
   14.850851143674312        1.1550242277640191E-002
   14.882860419258789        1.7519839118829719E-002
   14.925276656184613        2.8913134977166830E-002
   14.974332010520408        4.8364708861478985E-002
   15.025667989479592        7.7493093791011519E-002
   15.074723343815387       0.11479281228320391     
   15.117139580741211       0.15474024632497846     
   15.149148856325688       0.18936132085812940     
   15.167914918709858       0.21125926164347572     
   15.176912667497039       0.22213080118363368     
   15.195678729881209       0.24548260498449462     
   15.227688005465685       0.28695109757747073     
   15.270104242391509       0.34337480488975769     
   15.319159596727305       0.40702002523698161     
   15.370495575686489       0.46648462429439069     
   15.419550930022284       0.51132824828447665     
   15.461967166948108       0.53730895539764600     
   15.493976442532585       0.54772907674218863     
   15.512742504916755       0.54991489855522901     
   15.521740253703936       0.54991489855522901     
   15.540506316088106       0.54772907674218863     
   15.572515591672582       0.53730895539764600     
   15.614931828598406       0.51132824828447665     
   15.663987182934202       0.46648462429439069     
   15.715323161893386       0.40702002523698161     
   15.764378516229181       0.34337480488975769     
   15.806794753155005       0.28695109757747073     
   15.838804028739482       0.24548260498449462     
   15.857570091123652       0.22213080118363368     
   15.866567839910832       0.21125926164347572     
   15.885333902295002       0.18936132085812940     
   15.917343177879479       0.15474024632497846     
   15.959759414805303       0.11479281228320391     
   16.008814769141100        7.7493093791010326E-002
   16.060150748100281        4.8364708861479817E-002
   16.109206102436080        2.8913134977166254E-002
   16.151622339361900        1.7519839118830115E-002
   16.183631614946378        1.1550242277640191E-002
   16.202397677330548        8.8913183552066181E-003
   16.211395426117729        7.8037202593048121E-003
   16.230161488501899        5.8767434877563859E-003
   16.262170764086378        3.4789796765779201E-003
   16.304587001012198        1.5757916643391540E-003
   16.353642355347997        5.2123242163124549E-004
   16.404978334307177        1.1631539450600046E-004
   16.454033688642976        1.5207901055861538E-005
   16.496449925568797        8.8190449711478491E-007
   16.528459201153275        1.1649790805789963E-008
   16.547225263537445        3.1501271491933919E-012
  
   14.832085081290142        3.1501271491933919E-012
   14.850851143674312        1.1649790805789963E-008
   14.882860419258789        8.8190449711464335E-007
   14.925276656184613        1.5207901055862915E-005
   14.974332010520408        1.1631539450599340E-004
   15.025667989479592        5.2123242163126880E-004
   15.074723343815387        1.5757916643390974E-003
   15.117139580741211        3.4789796765780281E-003
   15.149148856325688        5.8767434877563859E-003
   15.167914918709858        7.8037202593048121E-003
   15.176912667497039        8.8913183552066181E-003
   15.195678729881209        1.1550242277640191E-002
   15.227688005465685        1.7519839118829719E-002
   15.270104242391509        2.8913134977166830E-002
   15.319159596727305        4.8364708861478985E-002
   15.370495575686489        7.7493093791011519E-002
   15.419550930022284       0.11479281228320391     
   15.461967166948108       0.15474024632497846     
   15.493976442532585       0.18936132085812940     
   15.512742504916755       0.21125926164347572     
   15.521740253703936       0.22213080118363368     
   15.540506316088106       0.24548260498449462     
   15.572515591672582       0.28695109757747073     
   15.614931828598406       0.34337480488975769     
   15.663987182934202       0.40702002523698161     
   15.715323161893386       0.46648462429439069     
   15.764378516229181       0.51132824828447665     
   15.806794753155005       0.53730895539764600     
   15.838804028739482       0.54772907674218863     
   15.857570091123652       0.54991489855522901     
   15.866567839910832       0.54991489855522901     
   15.885333902295002       0.54772907674218863     
   15.917343177879479       0.53730895539764600     
   15.959759414805303       0.51132824828447665     
   16.008814769141100       0.46648462429438864     
   16.060150748100281       0.40702002523698372     
   16.109206102436080       0.34337480488975519     
   16.151622339361900       0.28695109757747311     
   16.183631614946378       0.24548260498449462     
   16.202397677330548       0.22213080118363368     
   16.211395426117729       0.21125926164347572     
   16.230161488501899       0.18936132085812940     
   16.262170764086378       0.15474024632497663     
   16.304587001012198       0.11479281228320541     
   16.353642355347997        7.7493093791010326E-002
   16.404978334307177        4.8364708861479817E-002
   16.454033688642976        2.8913134977166254E-002
   16.496449925568797        1.7519839118830115E-002
   16.528459201153275        1.1550242277640191E-002
   16.547225263537445        8.8913183552066181E-003
   16.556223012324626        7.8037202593048121E-003
   16.574989074708796        5.8767434877563859E-003
   16.606998350293274        3.4789796765779201E-003
   16.649414587219095        1.5757916643391540E-003
   16.698469941554894        5.2123242163124549E-004
   16.749805920514074        1.1631539450600046E-004
   16.798861274849873        1.5207901055861538E-005
   16.841277511775694        8.8190449711478491E-007
   16.873286787360172        1.1649790805789963E-008
   16.892052849744342        3.1501271491933919E-012
  
   15.176912667497039        3.1501271491933919E-012
   15.195678729881209        1.1649790805789963E-008
   15.227688005465685        8.8190449711464335E-007
   15.270104242391509        1.5207901055862915E-005
   15.319159596727305        1.1631539450599340E-004
   15.370495575686489        5.2123242163126880E-004
   15.419550930022284        1.5757916643390974E-003
   15.461967166948108        3.4789796765780281E-003
   15.493976442532585        5.8767434877563859E-003
   15.512742504916755        7.8037202593048121E-003
   15.521740253703936        8.8913183552066181E-003
   15.540506316088106        1.1550242277640191E-002
   15.572515591672582        1.7519839118829719E-002
   15.614931828598406        2.8913134977166830E-002
   15.663987182934202        4.8364708861478985E-002
   15.715323161893386        7.7493093791011519E-002
   15.764378516229181       0.11479281228320391     
   15.806794753155005       0.15474024632497846     
   15.838804028739482       0.18936132085812940     
   15.857570091123652       0.21125926164347572     
   15.866567839910832       0.22213080118363368     
   15.885333902295002       0.24548260498449462     
   15.917343177879479       0.28695109757747073     
   15.959759414805303       0.34337480488975769     
   16.008814769141100       0.40702002523698372     
   16.060150748100281       0.46648462429438864     
   16.109206102436080       0.51132824828447798     
   16.151622339361900       0.53730895539764512     
   16.183631614946378       0.54772907674218863     
   16.202397677330548       0.54991489855522901     
   16.211395426117729       0.54991489855522901     
   16.230161488501899       0.54772907674218863     
   16.262170764086378       0.53730895539764512     
   16.304587001012198       0.51132824828447798     
   16.353642355347997       0.46648462429438864     
   16.404978334307177       0.40702002523698372     
   16.454033688642976       0.34337480488975519     
   16.496449925568797       0.28695109757747311     
   16.528459201153275       0.24548260498449462     
   16.547225263537445       0.22213080118363368     
   16.556223012324626       0.21125926164347572     
   16.574989074708796       0.18936132085812940     
   16.606998350293274       0.15474024632497663     
   16.649414587219095       0.11479281228320541     
   16.698469941554894        7.7493093791010326E-002
   16.749805920514074        4.8364708861479817E-002
   16.798861274849873        2.8913134977166254E-002
   16.841277511775694        1.7519839118830115E-002
   16.873286787360172        1.1550242277640191E-002
   16.892052849744342        8.8913183552066181E-003
   16.901050598531523        7.8037202593048121E-003
   16.919816660915693        5.8767434877563859E-003
   16.951825936500171        3.4789796765779201E-003
   16.994242173425992        1.5757916643391540E-003
   17.043297527761791        5.2123242163124549E-004
   17.094633506720971        1.1631539450600046E-004
   17.143688861056770        1.5207901055861538E-005
   17.186105097982590        8.8190449711478491E-007
   17.218114373567069        1.1649790805789963E-008
   17.236880435951239        3.1501271491933919E-012
  
   15.521740253703936        3.1501271491933919E-012
   15.540506316088106        1.1649790805789963E-008
   15.572515591672582        8.8190449711464335E-007
   15.614931828598406        1.5207901055862915E-005
   15.663987182934202        1.1631539450599340E-004
   15.715323161893386        5.2123242163126880E-004
   15.764378516229181        1.5757916643390974E-003
   15.806794753155005        3.4789796765780281E-003
   15.838804028739482        5.8767434877563859E-003
   15.857570091123652        7.8037202593048121E-003
   15.866567839910832        8.8913183552066181E-003
   15.885333902295002        1.1550242277640191E-002
   15.917343177879479        1.7519839118829719E-002
   15.959759414805303        2.8913134977166830E-002
   16.008814769141100        4.8364708861479817E-002
   16.060150748100281        7.7493093791010326E-002
   16.109206102436080       0.11479281228320541     
   16.151622339361900       0.15474024632497663     
   16.183631614946378       0.18936132085812940     
   16.202397677330548       0.21125926164347572     
   16.211395426117729       0.22213080118363368     
   16.230161488501899       0.24548260498449462     
   16.262170764086378       0.28695109757747311     
   16.304587001012198       0.34337480488975519     
   16.353642355347997       0.40702002523698372     
   16.404978334307177       0.46648462429438858     
   16.454033688642976       0.51132824828447787     
   16.496449925568797       0.53730895539764478     
   16.528459201153275       0.54772907674218818     
   16.547225263537445       0.54991489855522857     
   16.556223012324626       0.54991489855522846     
   16.574989074708796       0.54772907674218818     
   16.606998350293274       0.53730895539764456     
   16.649414587219095       0.51132824828447720     
   16.698469941554894       0.46648462429438792     
   16.749805920514074       0.40702002523698289     
   16.798861274849873       0.34337480488975430     
   16.841277511775694       0.28695109757747206     
   16.873286787360172       0.24548260498449348     
   16.892052849744342       0.22213080118363257     
   16.901050598531523       0.21125926164347469     
   16.919816660915693       0.18936132085812846     
   16.951825936500171       0.15474024632497571     
   16.994242173425992       0.11479281228320454     
   17.043297527761791        7.7493093791009590E-002
   17.094633506720971        4.8364708861479193E-002
   17.143688861056770        2.8913134977165772E-002
   17.186105097982590        1.7519839118829744E-002
   17.218114373567069        1.1550242277639906E-002
   17.236880435951239        8.8913183552063752E-003
   17.245878184738423        7.8037202593041807E-003
   17.264644247122593        5.8767434877558733E-003
   17.296653522707068        3.4789796765777887E-003
   17.339069759632892        1.5757916643389645E-003
   17.388125113968687        5.2123242163121079E-004
   17.439461092927868        1.1631539450598912E-004
   17.488516447263663        1.5207901055861892E-005
   17.530932684189487        8.8190449711452254E-007
   17.562941959773962        1.1649790805790237E-008
   17.581708022158132        3.1501271491934662E-012
  
   15.866567839910832        3.1501271491933987E-012
   15.885333902295002        1.1649790805789988E-008
   15.917343177879479        8.8190449711464505E-007
   15.959759414805303        1.5207901055862953E-005
   16.008814769141100        1.1631539450600069E-004
   16.060150748100281        5.2123242163124636E-004
   16.109206102436080        1.5757916643391570E-003
   16.151622339361900        3.4789796765779279E-003
   16.183631614946378        5.8767434877563971E-003
   16.202397677330548        7.8037202593048277E-003
   16.211395426117729        8.8913183552066337E-003
   16.230161488501899        1.1550242277640215E-002
   16.262170764086378        1.7519839118830149E-002
   16.304587001012198        2.8913134977166317E-002
   16.353642355347997        4.8364708861479921E-002
   16.404978334307177        7.7493093791010506E-002
   16.454033688642976       0.11479281228320566     
   16.496449925568797       0.15474024632497693     
   16.528459201153275       0.18936132085812976     
   16.547225263537445       0.21125926164347608     
   16.556223012324626       0.22213080118363404     
   16.574989074708796       0.24548260498449492     
   16.606998350293274       0.28695109757747361     
   16.649414587219095       0.34337480488975580     
   16.698469941554894       0.40702002523698433     
   16.749805920514074       0.46648462429438947     
   16.798861274849873       0.51132824828447843     
   16.841277511775694       0.53730895539764534     
   16.873286787360172       0.54772907674218885     
   16.892052849744342       0.54991489855522901     
   16.901050598531523       0.54991489855522901     
   16.919816660915693       0.54772907674218851     
   16.951825936500171       0.53730895539764478     
   16.994242173425992       0.51132824828447732     
   17.043297527761791       0.46648462429438775     
   17.094633506720971       0.40702002523698239     
   17.143688861056770       0.34337480488975364     
   17.186105097982590       0.28695109757747128     
   17.218114373567069       0.24548260498449267     
   17.236880435951239       0.22213080118363177     
   17.245878184738423       0.21125926164346961     
   17.264644247122593       0.18936132085812349     
   17.296653522707068       0.15474024632497485     
   17.339069759632892       0.11479281228320076     
   17.388125113968687        7.7493093791008980E-002
   17.439461092927868        4.8364708861478770E-002
   17.488516447263663        2.8913134977166636E-002
   17.530932684189487        1.7519839118829563E-002
   17.562941959773962        1.1550242277640345E-002
   17.581708022158132        8.8913183552067360E-003
   17.590705770945313        7.8037202593049179E-003
   17.609471833329483        5.8767434877564622E-003
   17.641481108913961        3.4789796765779665E-003
   17.683897345839782        1.5757916643391744E-003
   17.732952700175581        5.2123242163125210E-004
   17.784288679134761        1.1631539450600202E-004
   17.833344033470560        1.5207901055861735E-005
   17.875760270396380        8.8190449711479656E-007
   17.907769545980859        1.1649790805790117E-008
   17.926535608365029        3.1501271491934339E-012
  
   16.211395426117729        3.1501271491934068E-012
   16.230161488501899        1.1649790805790016E-008
   16.262170764086378        8.8190449711478915E-007
   16.304587001012198        1.5207901055861608E-005
   16.353642355347997        1.1631539450600101E-004
   16.404978334307177        5.2123242163124766E-004
   16.454033688642976        1.5757916643391609E-003
   16.496449925568797        3.4789796765779370E-003
   16.528459201153275        5.8767434877564119E-003
   16.547225263537445        7.8037202593048503E-003
   16.556223012324626        8.8913183552066562E-003
   16.574989074708796        1.1550242277640246E-002
   16.606998350293274        1.7519839118830188E-002
   16.649414587219095        2.8913134977166386E-002
   16.698469941554894        4.8364708861480053E-002
   16.749805920514074        7.7493093791010687E-002
   16.798861274849873       0.11479281228320597     
   16.841277511775694       0.15474024632497735     
   16.873286787360172       0.18936132085813021     
   16.892052849744342       0.21125926164347661     
   16.901050598531523       0.22213080118363460     
   16.919816660915693       0.24548260498449559     
   16.951825936500171       0.28695109757747422     
   16.994242173425992       0.34337480488975652     
   17.043297527761791       0.40702002523698533     
   17.094633506720971       0.46648462429439025     
   17.143688861056770       0.51132824828447920     
   17.186105097982590       0.53730895539764600     
   17.218114373567069       0.54772907674218929     
   17.236880435951239       0.54991489855522957     
   17.245878184738423       0.54991489855522935     
   17.264644247122593       0.54772907674218807     
   17.296653522707068       0.53730895539764478     
   17.339069759632892       0.51132824828447454     
   17.388125113968687       0.46648462429438720     
   17.439461092927868       0.40702002523698161     
   17.488516447263663       0.34337480488975747     
   17.530932684189487       0.28695109757747034     
   17.562941959773962       0.24548260498449628     
   17.581708022158132       0.22213080118363532     
   17.590705770945313       0.21125926164347722     
   17.609471833329483       0.18936132085813079     
   17.641481108913961       0.15474024632497785     
   17.683897345839782       0.11479281228320633     
   17.732952700175581        7.7493093791010936E-002
   17.784288679134761        4.8364708861480213E-002
   17.833344033470560        2.8913134977166487E-002
   17.875760270396380        1.7519839118830250E-002
   17.907769545980859        1.1550242277640286E-002
   17.926535608365029        8.8913183552066909E-003
   17.935533357152210        7.8037202593048763E-003
   17.954299419536380        5.8767434877564327E-003
   17.986308695120858        3.4789796765779496E-003
   18.028724932046678        1.5757916643391661E-003
   18.077780286382477        5.2123242163124950E-004
   18.129116265341658        1.1631539450600142E-004
   18.178171619677457        1.5207901055861658E-005
   18.220587856603277        8.8190449711479201E-007
   18.252597132187756        1.1649790805790057E-008
   18.271363194571926        3.1501271491934177E-012
  
   16.556223012324626        3.1501271491934177E-012
   16.574989074708796        1.1649790805790057E-008
   16.606998350293274        8.8190449711479201E-007
   16.649414587219095        1.5207901055861658E-005
   16.698469941554894        1.1631539450600142E-004
   16.749805920514074        5.2123242163124950E-004
   16.798861274849873        1.5757916643391661E-003
   16.841277511775694        3.4789796765779496E-003
   16.873286787360172        5.8767434877564327E-003
   16.892052849744342        7.8037202593048763E-003
   16.901050598531523        8.8913183552066909E-003
   16.919816660915693        1.1550242277640286E-002
   16.951825936500171        1.7519839118830250E-002
   16.994242173425992        2.8913134977166487E-002
   17.043297527761791        4.8364708861480213E-002
   17.094633506720971        7.7493093791010936E-002
   17.143688861056770       0.11479281228320633     
   17.186105097982590       0.15474024632497785     
   17.218114373567069       0.18936132085813079     
   17.236880435951239       0.21125926164347722     
   17.245878184738423       0.22213080118363962     
   17.264644247122593       0.24548260498450075     
   17.296653522707068       0.28695109757747506     
   17.339069759632892       0.34337480488976219     
   17.388125113968687       0.40702002523698610     
   17.439461092927868       0.46648462429439108     
   17.488516447263663       0.51132824828447709     
   17.530932684189487       0.53730895539764645     
   17.562941959773962       0.54772907674218874     
   17.581708022158132       0.54991489855522935     
   17.590705770945313       0.54991489855522957     
   17.609471833329483       0.54772907674218929     
   17.641481108913961       0.53730895539764600     
   17.683897345839782       0.51132824828447920     
   17.732952700175581       0.46648462429439025     
   17.784288679134761       0.40702002523698533     
   17.833344033470560       0.34337480488975652     
   17.875760270396380       0.28695109757747422     
   17.907769545980859       0.24548260498449559     
   17.926535608365029       0.22213080118363460     
   17.935533357152210       0.21125926164347661     
   17.954299419536380       0.18936132085813021     
   17.986308695120858       0.15474024632497735     
   18.028724932046678       0.11479281228320597     
   18.077780286382477        7.7493093791010687E-002
   18.129116265341658        4.8364708861480053E-002
   18.178171619677457        2.8913134977166386E-002
   18.220587856603277        1.7519839118830188E-002
   18.252597132187756        1.1550242277640246E-002
   18.271363194571926        8.8913183552066562E-003
   18.280360943359106        7.8037202593048503E-003
   18.299127005743276        5.8767434877564119E-003
   18.331136281327755        3.4789796765779370E-003
   18.373552518253575        1.5757916643391609E-003
   18.422607872589374        5.2123242163124766E-004
   18.473943851548555        1.1631539450600101E-004
   18.522999205884354        1.5207901055861608E-005
   18.565415442810174        8.8190449711478915E-007
   18.597424718394652        1.1649790805790016E-008
   18.616190780778822        3.1501271491934068E-012
  
   16.901050598531523        3.1501271491934339E-012
   16.919816660915693        1.1649790805790117E-008
   16.951825936500171        8.8190449711479656E-007
   16.994242173425992        1.5207901055861735E-005
   17.043297527761791        1.1631539450600202E-004
   17.094633506720971        5.2123242163125210E-004
   17.143688861056770        1.5757916643391744E-003
   17.186105097982590        3.4789796765779665E-003
   17.218114373567069        5.8767434877564622E-003
   17.236880435951239        7.8037202593049179E-003
   17.245878184738423        8.8913183552071853E-003
   17.264644247122593        1.1550242277640904E-002
   17.296653522707068        1.7519839118830340E-002
   17.339069759632892        2.8913134977167781E-002
   17.388125113968687        4.8364708861480470E-002
   17.439461092927868        7.7493093791011325E-002
   17.488516447263663       0.11479281228320380     
   17.530932684189487       0.15474024632497854     
   17.562941959773962       0.18936132085812757     
   17.581708022158132       0.21125926164347397     
   17.590705770945313       0.22213080118363177     
   17.609471833329483       0.24548260498449267     
   17.641481108913961       0.28695109757747128     
   17.683897345839782       0.34337480488975364     
   17.732952700175581       0.40702002523698239     
   17.784288679134761       0.46648462429438775     
   17.833344033470560       0.51132824828447732     
   17.875760270396380       0.53730895539764478     
   17.907769545980859       0.54772907674218851     
   17.926535608365029       0.54991489855522901     
   17.935533357152210       0.54991489855522901     
   17.954299419536380       0.54772907674218885     
   17.986308695120858       0.53730895539764534     
   18.028724932046678       0.51132824828447843     
   18.077780286382477       0.46648462429438947     
   18.129116265341658       0.40702002523698433     
   18.178171619677457       0.34337480488975580     
   18.220587856603277       0.28695109757747361     
   18.252597132187756       0.24548260498449492     
   18.271363194571926       0.22213080118363404     
   18.280360943359106       0.21125926164347608     
   18.299127005743276       0.18936132085812976     
   18.331136281327755       0.15474024632497693     
   18.373552518253575       0.11479281228320566     
   18.422607872589374        7.7493093791010506E-002
   18.473943851548555        4.8364708861479921E-002
   18.522999205884354        2.8913134977166317E-002
   18.565415442810174        1.7519839118830149E-002
   18.597424718394652        1.1550242277640215E-002
   18.616190780778822        8.8913183552066337E-003
   18.625188529566003        7.8037202593048277E-003
   18.643954591950173        5.8767434877563971E-003
   18.675963867534652        3.4789796765779279E-003
   18.718380104460472        1.5757916643391570E-003
   18.767435458796271        5.2123242163124636E-004
   18.818771437755451        1.1631539450600069E-004
   18.867826792091250        1.5207901055861567E-005
   18.910243029017071        8.8190449711478692E-007
   18.942252304601549        1.1649790805789988E-008
   18.961018366985719        3.1501271491933987E-012
  
   17.245878184738423        3.1501271492059046E-012
   17.264644247122593        1.1649790805799131E-008
   17.296653522707068        8.8190449711480566E-007
   17.339069759632892        1.5207901055864662E-005
   17.388125113968687        1.1631539450600321E-004
   17.439461092927868        5.2123242163125752E-004
   17.488516447263663        1.5757916643390770E-003
   17.530932684189487        3.4789796765780025E-003
   17.562941959773962        5.8767434877561985E-003
   17.581708022158132        7.8037202593045901E-003
   17.590705770945313        8.8913183552063752E-003
   17.609471833329483        1.1550242277639906E-002
   17.641481108913961        1.7519839118829744E-002
   17.683897345839782        2.8913134977165772E-002
   17.732952700175581        4.8364708861479193E-002
   17.784288679134761        7.7493093791009590E-002
   17.833344033470560       0.11479281228320454     
   17.875760270396380       0.15474024632497571     
   17.907769545980859       0.18936132085812846     
   17.926535608365029       0.21125926164347469     
   17.935533357152210       0.22213080118363257     
   17.954299419536380       0.24548260498449348     
   17.986308695120858       0.28695109757747206     
   18.028724932046678       0.34337480488975430     
   18.077780286382477       0.40702002523698289     
   18.129116265341658       0.46648462429438792     
   18.178171619677457       0.51132824828447720     
   18.220587856603277       0.53730895539764456     
   18.252597132187756       0.54772907674218818     
   18.271363194571926       0.54991489855522846     
   18.280360943359106       0.54991489855522857     
   18.299127005743276       0.54772907674218818     
   18.331136281327755       0.53730895539764478     
   18.373552518253575       0.51132824828447787     
   18.422607872589374       0.46648462429438858     
   18.473943851548555       0.40702002523698372     
   18.522999205884354       0.34337480488975519     
   18.565415442810174       0.28695109757747311     
   18.597424718394652       0.24548260498449462     
   18.616190780778822       0.22213080118363368     
   18.625188529566003       0.21125926164347572     
   18.643954591950173       0.18936132085812940     
   18.675963867534652       0.15474024632497663     
   18.718380104460472       0.11479281228320541     
   18.767435458796271        7.7493093791010326E-002
   18.818771437755451        4.8364708861479817E-002
   18.867826792091250        2.8913134977166254E-002
   18.910243029017071        1.7519839118830115E-002
   18.942252304601549        1.1550242277640191E-002
   18.961018366985719        8.8913183552066181E-003
   18.970016115772900        7.8037202593048121E-003
   18.988782178157070        5.8767434877563859E-003
   19.020791453741548        3.4789796765779201E-003
   19.063207690667369        1.5757916643391540E-003
   19.112263045003168        5.2123242163124549E-004
   19.163599023962348        1.1631539450600046E-004
   19.212654378298147        1.5207901055861538E-005
   19.255070615223968        8.8190449711478491E-007
   19.287079890808446        1.1649790805789963E-008
   19.305845953192616        3.1501271491933919E-012
  
   17.590705770945313        3.1501271491933919E-012
   17.609471833329483        1.1649790805789963E-008
   17.641481108913961        8.8190449711478491E-007
   17.683897345839782        1.5207901055861538E-005
   17.732952700175581        1.1631539450600046E-004
   17.784288679134761        5.2123242163124549E-004
   17.833344033470560        1.5757916643391540E-003
   17.875760270396380        3.4789796765779201E-003
   17.907769545980859        5.8767434877563859E-003
   17.926535608365029        7.8037202593048121E-003
   17.935533357152210        8.8913183552066181E-003
   17.954299419536380        1.1550242277640191E-002
   17.986308695120858        1.7519839118830115E-002
   18.028724932046678        2.8913134977166254E-002
   18.077780286382477        4.8364708861479817E-002
   18.129116265341658        7.7493093791010326E-002
   18.178171619677457       0.11479281228320541     
   18.220587856603277       0.15474024632497663     
   18.252597132187756       0.18936132085812940     
   18.271363194571926       0.21125926164347572     
   18.280360943359106       0.22213080118363368     
   18.299127005743276       0.24548260498449462     
   18.331136281327755       0.28695109757747311     
   18.373552518253575       0.34337480488975519     
   18.422607872589374       0.40702002523698372     
   18.473943851548555       0.46648462429438864     
   18.522999205884354       0.51132824828447798     
   18.565415442810174       0.53730895539764512     
   18.597424718394652       0.54772907674218863     
   18.616190780778822       0.54991489855522901     
   18.625188529566003       0.54991489855522901     
   18.643954591950173       0.54772907674218863     
   18.675963867534652       0.53730895539764512     
   18.718380104460472       0.51132824828447798     
   18.767435458796271       0.46648462429438864     
   18.818771437755451       0.40702002523698372     
   18.867826792091250       0.34337480488975519     
   18.910243029017071       0.28695109757747311     
   18.942252304601549       0.24548260498449462     
   18.961018366985719       0.22213080118363368     
   18.970016115772900       0.21125926164347572     
   18.988782178157070       0.18936132085812940     
   19.020791453741548       0.15474024632497663     
   19.063207690667369       0.11479281228320541     
   19.112263045003168        7.7493093791010326E-002
   19.163599023962348        4.8364708861479817E-002
   19.212654378298147        2.8913134977166254E-002
   19.255070615223968        1.7519839118830115E-002
   19.287079890808446        1.1550242277640191E-002
   19.305845953192616        8.8913183552066181E-003
   19.314843701979797        7.8037202593048121E-003
   19.333609764363967        5.8767434877563859E-003
   19.365619039948445        3.4789796765779201E-003
   19.408035276874266        1.5757916643391540E-003
   19.457090631210065        5.2123242163124549E-004
   19.508426610169245        1.1631539450600046E-004
   19.557481964505044        1.5207901055861538E-005
   19.599898201430864        8.8190449711478491E-007
   19.631907477015343        1.1649790805789963E-008
   19.650673539399513        3.1501271491933919E-012
  
   17.935533357152210        3.1501271491933919E-012
   17.954299419536380        1.1649790805789963E-008
   17.986308695120858        8.8190449711478491E-007
   18.028724932046678        1.5207901055861538E-005
   18.077780286382477        1.1631539450600046E-004
   18.129116265341658        5.2123242163124549E-004
   18.178171619677457        1.5757916643391540E-003
   18.220587856603277        3.4789796765779201E-003
   18.252597132187756        5.8767434877563859E-003
   18.271363194571926        7.8037202593048121E-003
   18.280360943359106        8.8913183552066181E-003
   18.299127005743276        1.1550242277640191E-002
   18.331136281327755        1.7519839118830115E-002
   18.373552518253575        2.8913134977166254E-002
   18.422607872589374        4.8364708861479817E-002
   18.473943851548555        7.7493093791010326E-002
   18.522999205884354       0.11479281228320541     
   18.565415442810174       0.15474024632497663     
   18.597424718394652       0.18936132085812940     
   18.616190780778822       0.21125926164347572     
   18.625188529566003       0.22213080118363368     
   18.643954591950173       0.24548260498449462     
   18.675963867534652       0.28695109757747311     
   18.718380104460472       0.34337480488975519     
   18.767435458796271       0.40702002523698372     
   18.818771437755451       0.46648462429438864     
   18.867826792091250       0.51132824828447798     
   18.910243029017071       0.53730895539764512     
   18.942252304601549       0.54772907674218863     
   18.961018366985719       0.54991489855522901     
   18.970016115772900       0.54991489855522901     
   18.988782178157070       0.54772907674218863     
   19.020791453741548       0.53730895539764512     
   19.063207690667369       0.51132824828447798     
   19.112263045003168       0.46648462429438864     
   19.163599023962348       0.40702002523698372     
   19.212654378298147       0.34337480488975519     
   19.255070615223968       0.28695109757747311     
   19.287079890808446       0.24548260498449462     
   19.305845953192616       0.22213080118363368     
   19.314843701979797       0.21125926164347572     
   19.333609764363967       0.18936132085812940     
   19.365619039948445       0.15474024632497663     
   19.408035276874266       0.11479281228320541     
   19.457090631210065        7.7493093791010326E-002
   19.508426610169245        4.8364708861479817E-002
   19.557481964505044        2.8913134977166254E-002
   19.599898201430864        1.7519839118830115E-002
   19.631907477015343        1.1550242277640191E-002
   19.650673539399513        8.8913183552066181E-003
   19.659671288186694        7.8037202593048121E-003
   19.678437350570864        5.8767434877563859E-003
   19.710446626155342        3.4789796765779201E-003
   19.752862863081162        1.5757916643391540E-003
   19.801918217416961        5.2123242163124549E-004
   19.853254196376142        1.1631539450600046E-004
   19.902309550711941        1.5207901055861538E-005
   19.944725787637761        8.8190449711478491E-007
   19.976735063222240        1.1649790805789963E-008
   19.995501125606410        3.1501271491933919E-012
  
   18.280360943359106        3.1501271491933919E-012
   18.299127005743276        1.1649790805789963E-008
   18.331136281327755        8.8190449711478491E-007
   18.373552518253575        1.5207901055861538E-005
   18.422607872589374        1.1631539450600046E-004
   18.473943851548555        5.2123242163124549E-004
   18.522999205884354        1.5757916643391540E-003
   18.565415442810174        3.4789796765779201E-003
   18.597424718394652        5.8767434877563859E-003
   18.616190780778822        7.8037202593048121E-003
   18.625188529566003        8.8913183544190866E-003
   18.643954591950173        1.1550239365192489E-002
   18.675963867534652        1.7519618642705830E-002
   18.718380104460472        2.8909333001902293E-002
   18.767435458796271        4.8335630012853320E-002
   18.818771437755451        7.7362785685602509E-002
   18.867826792091250       0.11439886436712063     
   18.910243029017071       0.15387050140583217     
   18.942252304601549       0.18789213498619028     
   18.961018366985719       0.20930833157864956     
   18.970016115772900       0.21990797159535699     
   18.988782178157070       0.24259504635671633     
   19.020791453741548       0.28257128478184851     
   19.063207690667369       0.33614905579563970     
   19.112263045003168       0.39494823392069817     
   19.163599023962348       0.44719822291690808     
   19.212654378298147       0.48289267715773326     
   19.255070615223968       0.49920372376249733     
   19.287079890808446       0.50136820377561564     
   19.305845953192616       0.49840070318757768     
   19.314843701979797       0.49586408465106752     
   19.333609764363967       0.48828346296322406     
   19.365619039948445       0.46849093371362427     
   19.408035276874266       0.43029960091630293     
   19.457090631210065       0.37276132394676292     
   19.508426610169245       0.30318407668981384     
   19.557481964505044       0.23428093028308522     
   19.599898201430864       0.17754415486308012     
   19.631907477015343       0.13864137007002988     
   19.650673539399513       0.11791102342057948     
   19.659671288186694       0.10857950761628922     
   19.678437350570864        9.0455270250378750E-002
   19.710446626155342        6.3859112529933787E-002
   19.752862863081162        3.6976808517142759E-002
   19.801918217416961        1.6733746769379807E-002
   19.853254196376142        5.5050989085106668E-003
   19.902309550711941        1.1683970623449121E-003
   19.944725787637761        1.2747538606978613E-004
   19.976735063222240        4.1837617720252876E-006
   19.995501125606410        6.0002722603133316E-009
  
   18.625188529566003        3.9376589364917397E-012
   18.643954591950173        1.4562238507237455E-008
   18.675963867534652        1.1023806213934812E-006
   18.718380104460472        1.9009876319826922E-005
   18.767435458796271        1.4539424313250059E-004
   18.818771437755451        6.5154052703905664E-004
   18.867826792091250        1.9697395804239423E-003
   18.910243029017071        4.3487245957224011E-003
   18.942252304601549        7.3459293596954784E-003
   18.961018366985719        9.7546503241310138E-003
   18.970016115772900        1.1114147939633097E-002
   18.988782178157070        1.4437786666785229E-002
   19.020791453741548        2.1898574031180531E-002
   19.063207690667369        3.6120296636658007E-002
   19.112263045003168        6.0294336917813648E-002
   19.163599023962348        9.6142433319830661E-002
   19.212654378298147       0.14130241582020239     
   19.255070615223968       0.18859339168875147     
   19.287079890808446       0.22853950733966671     
   19.305845953192616       0.25323557669419916     
   19.314843701979797       0.26531444821760969     
   19.333609764363967       0.29081128704578552     
   19.365619039948445       0.33435833430602729     
   19.408035276874266       0.38910573057754289     
   19.457090631210065       0.44194107802815036     
   19.508426610169245       0.47699674466578501     
   19.557481964505044       0.48432190787213475     
   19.599898201430864       0.46686620951905228     
   19.631907477015343       0.43880001324184553     
   19.650673539399513       0.41673883277884799     
   19.659671288186694       0.40481163336695114     
   19.678437350570864       0.37740129592920829     
   19.710446626155342       0.32417783552220186     
   19.752862863081162       0.24632737111896358     
   19.801918217416961       0.15692533403194683     
   19.853254196376142        7.8214036556171360E-002
   19.902309550711941        2.7589558248560044E-002
   19.944725787637761        5.7691577577729681E-003
   19.976735063222240        4.7655512896054074E-004
   19.995501125606410        3.6511801146108047E-006
  
   18.970016115772900        7.0002825537630926E-012
   18.988782178157070        2.5888424012866589E-008
   19.020791453741548        1.9597877713661885E-006
   19.063207690667369        3.3795335679692312E-005
   19.112263045003168        2.5847865445777874E-004
   19.163599023962348        1.1582942702916563E-003
   19.212654378298147        3.5017592540870076E-003
   19.255070615223968        7.7310659479509335E-003
   19.287079890808446        1.3059429972791966E-002
   19.305845953192616        1.7341600576232918E-002
   19.314843701979797        1.9758485204916319E-002
   19.333609764363967        2.5667098271673586E-002
   19.365619039948445        3.8924891695065585E-002
   19.408035276874266        6.4112005300690722E-002
   19.457090631210065       0.10641090635365015     
   19.508426610169245       0.16742891122618100     
   19.557481964505044       0.24065038148401424     
   19.599898201430864       0.31197656702020604     
   19.631907477015343       0.36693278660252071     
   19.650673539399513       0.39793092349742970     
   19.659671288186694       0.41212025132966457     
   19.678437350570864       0.43964074698466560     
   19.710446626155342       0.47715142171734404     
   19.752862863081162       0.49941210894999710     
   19.801918217416961       0.47180802490389351     
   19.853254196376142       0.37405877733057796     
   19.902309550711941       0.22846511948943504     
   19.944725787637761        9.4474113257679460E-002
   19.976735063222240        2.0065104605234925E-002
   19.995501125606410        8.3089993825585459E-004
  
   19.314843701979797        2.3625874779187367E-011
   19.333609764363967        8.7373380962904037E-008
   19.365619039948445        6.6142824751175915E-006
   19.408035276874266        1.1405925011877407E-004
   19.457090631210065        8.7236544515235763E-004
   19.508426610169245        3.9092432075255564E-003
   19.557481964505044        1.1818437802027328E-002
   19.599898201430864        2.6092348518090346E-002
   19.631907477015343        4.4075577985952505E-002
   19.650673539399513        5.8527904526599089E-002
   19.659671288186694        6.6684884183908277E-002
   19.678437350570864        8.6624542236433386E-002
   19.710446626155342       0.13122681861384769     
   19.752862863081162       0.21388296858832848     
   19.801918217416961       0.34005381325112721     
   19.853254196376142       0.47955788232107344     
   19.902309550711941       0.55366671787113886     
   19.944725787637761       0.48215080204875538     
   19.976735063222240       0.27424490154586151     
   19.995501125606410        6.2718971555641295E-002
  
   19.659671288186694        3.7801399646699787E-010
   19.678437350570864        1.3979740954064646E-006
   19.710446626155342        1.0582851960188146E-004
   19.752862863081162        1.8249480019003851E-003
   19.801918217416961        1.3957847122437722E-002
   19.853254196376142        6.2547891320408902E-002
   19.902309550711941       0.18909500483243724     
   19.944725787637761       0.41747757628944554     
   19.976735063222240       0.70520924777524008     
   19.995501125606410       0.93644647242558543     
  
