  1.0000D-04  3.3333D-09 -1.0000D+04  6.6667D-05  1.0000D+08
  1.0111D-01  3.4042D-03 -9.9407D+00  6.7268D-02  9.7322D+01
  2.0212D-01  1.3562D-02 -5.0476D+00  1.3365D-01  2.3994D+01
  3.0313D-01  3.0348D-02 -3.4470D+00  1.9839D-01  1.0417D+01
  4.0414D-01  5.3558D-02 -2.6683D+00  2.6070D-01  5.6830D+00
  5.0515D-01  8.2907D-02 -2.2163D+00  3.1981D-01  3.5124D+00
  6.0615D-01  1.1803D-01 -1.9255D+00  3.7499D-01  2.3548D+00
  7.0716D-01  1.5850D-01 -1.7247D+00  4.2554D-01  1.6787D+00
  8.0817D-01  2.0382D-01 -1.5778D+00  4.7082D-01  1.2615D+00
  9.0918D-01  2.5342D-01 -1.4648D+00  5.1026D-01  9.9669D-01
  1.0102D+00  3.0669D-01 -1.3733D+00  5.4334D-01  8.2772D-01
  1.1112D+00  3.6296D-01 -1.2954D+00  5.6960D-01  7.2221D-01
  1.2122D+00  4.2152D-01 -1.2259D+00  5.8867D-01  6.6035D-01
  1.3132D+00  4.8163D-01 -1.1610D+00  6.0026D-01  6.2934D-01
  1.4142D+00  5.4252D-01 -1.0980D+00  6.0415D-01  6.2048D-01
  1.5152D+00  6.0341D-01 -1.0351D+00  6.0023D-01  6.2760D-01
  1.6162D+00  6.6351D-01 -9.7086D-01  5.8844D-01  6.4612D-01
  1.7173D+00  7.2203D-01 -9.0431D-01  5.6884D-01  6.7254D-01
  1.8183D+00  7.7817D-01 -8.3482D-01  5.4156D-01  7.0408D-01
  1.9193D+00  8.3118D-01 -7.6198D-01  5.0682D-01  7.3848D-01
  2.0203D+00  8.8032D-01 -6.8560D-01  4.6493D-01  7.7386D-01
  2.1213D+00  9.2488D-01 -6.0567D-01  4.1627D-01  8.0863D-01
  2.2223D+00  9.6420D-01 -5.2231D-01  3.6130D-01  8.4141D-01
  2.3233D+00  9.9767D-01 -4.3579D-01  3.0056D-01  8.7105D-01
  2.4243D+00  1.0247D+00 -3.4648D-01  2.3464D-01  8.9652D-01
  2.5253D+00  1.0449D+00 -2.5485D-01  1.6422D-01  9.1696D-01
  2.6263D+00  1.0578D+00 -1.6143D-01  8.9996D-02  9.3163D-01
  2.7273D+00  1.0630D+00 -6.6856D-02  1.2745D-02  9.3993D-01
  2.8284D+00  1.0603D+00  2.8218D-02 -6.6737D-02  9.4136D-01
  2.9294D+00  1.0495D+00  1.2307D-01 -1.4762D-01  9.3555D-01
  3.0304D+00  1.0304D+00  2.1696D-01 -2.2905D-01  9.2223D-01
  3.1314D+00  1.0032D+00  3.0912D-01 -3.1016D-01  9.0123D-01
  3.2324D+00  9.6783D-01  3.9877D-01 -3.9009D-01  8.7251D-01
  3.3334D+00  9.2447D-01  4.8513D-01 -4.6797D-01  8.3613D-01
  3.4344D+00  8.7339D-01  5.6743D-01 -5.4296D-01  7.9222D-01
  3.5354D+00  8.1491D-01  6.4492D-01 -6.1422D-01  7.4103D-01
  3.6364D+00  7.4946D-01  7.1689D-01 -6.8098D-01  6.8290D-01
  3.7374D+00  6.7752D-01  7.8266D-01 -7.4249D-01  6.1826D-01
  3.8384D+00  5.9966D-01  8.4159D-01 -7.9803D-01  5.4761D-01
  3.9395D+00  5.1652D-01  8.9311D-01 -8.4698D-01  4.7153D-01
  4.0405D+00  4.2880D-01  9.3669D-01 -8.8875D-01  3.9067D-01
  4.1415D+00  3.3724D-01  9.7189D-01 -9.2284D-01  3.0573D-01
  4.2425D+00  2.4264D-01  9.9834D-01 -9.4880D-01  2.1748D-01
  4.3435D+00  1.4585D-01  1.0157D+00 -9.6630D-01  1.2673D-01
  4.4445D+00  4.7724D-02  1.0239D+00 -9.7507D-01  3.4324D-02
  4.5455D+00 -5.0835D-02  1.0227D+00 -9.7492D-01 -5.8874D-02
  4.6465D+00 -1.4893D-01  1.0120D+00 -9.6578D-01 -1.5197D-01
  4.7475D+00 -2.4564D-01  9.9198D-01 -9.4764D-01 -2.4408D-01
  4.8485D+00 -3.4007D-01  9.6275D-01 -9.2061D-01 -3.3429D-01
  4.9495D+00 -4.3132D-01  9.2454D-01 -8.8487D-01 -4.2173D-01
  5.0506D+00 -5.1854D-01  8.7768D-01 -8.4069D-01 -5.0554D-01
  5.1516D+00 -6.0089D-01  8.2257D-01 -7.8846D-01 -5.8487D-01
  5.2526D+00 -6.7757D-01  7.5970D-01 -7.2862D-01 -6.5893D-01
  5.3536D+00 -7.4784D-01  6.8965D-01 -6.6169D-01 -7.2697D-01
  5.4546D+00 -8.1102D-01  6.1307D-01 -5.8830D-01 -7.8831D-01
  5.5556D+00 -8.6649D-01  5.3065D-01 -5.0910D-01 -8.4230D-01
  5.6566D+00 -9.1370D-01  4.4317D-01 -4.2485D-01 -8.8839D-01
  5.7576D+00 -9.5218D-01  3.5146D-01 -3.3633D-01 -9.2608D-01
  5.8586D+00 -9.8153D-01  2.5638D-01 -2.4438D-01 -9.5498D-01
  5.9596D+00 -1.0015D+00  1.5884D-01 -1.4989D-01 -9.7477D-01
  6.0606D+00 -1.0118D+00  5.9777D-02 -5.3769D-02 -9.8520D-01
  6.1617D+00 -1.0123D+00 -3.9865D-02  4.3058D-02 -9.8615D-01
  6.2627D+00 -1.0031D+00 -1.3912D-01  1.3965D-01 -9.7757D-01
  6.3637D+00 -9.8413D-01 -2.3703D-01  2.3505D-01 -9.5951D-01
  6.4647D+00 -9.5565D-01 -3.3265D-01  3.2833D-01 -9.3212D-01
  6.5657D+00 -9.1790D-01 -4.2503D-01  4.1857D-01 -8.9562D-01
  6.6667D+00 -8.7123D-01 -5.1328D-01  5.0487D-01 -8.5036D-01
  6.7677D+00 -8.1607D-01 -5.9654D-01  5.8637D-01 -7.9675D-01
  6.8687D+00 -7.5296D-01 -6.7398D-01  6.6227D-01 -7.3529D-01
  6.9697D+00 -6.8250D-01 -7.4484D-01  7.3179D-01 -6.6657D-01
  7.0707D+00 -6.0536D-01 -8.0842D-01  7.9424D-01 -5.9125D-01
  7.1717D+00 -5.2230D-01 -8.6408D-01  8.4899D-01 -5.1005D-01
  7.2728D+00 -4.3413D-01 -9.1128D-01  8.9548D-01 -4.2375D-01
  7.3738D+00 -3.4170D-01 -9.4955D-01  9.3323D-01 -3.3320D-01
  7.4748D+00 -2.4591D-01 -9.7848D-01  9.6186D-01 -2.3928D-01
  7.5758D+00 -1.4770D-01 -9.9780D-01  9.8105D-01 -1.4292D-01
  7.6768D+00 -4.8042D-02 -1.0073D+00  9.9060D-01 -4.5051D-02
  7.7778D+00  5.2090D-02 -1.0069D+00  9.9040D-01  5.3348D-02
  7.8788D+00  1.5171D-01 -9.9654D-01  9.8044D-01  1.5131D-01
  7.9798D+00  2.4983D-01 -9.7637D-01  9.6079D-01  2.4786D-01
  8.0808D+00  3.4548D-01 -9.4655D-01  9.3163D-01  3.4204D-01
  8.1818D+00  4.3772D-01 -9.0738D-01  8.9324D-01  4.3291D-01
  8.2828D+00  5.2564D-01 -8.5923D-01  8.4598D-01  5.1957D-01
  8.3839D+00  6.0834D-01 -8.0259D-01  7.9031D-01  6.0115D-01
  8.4849D+00  6.8503D-01 -7.3799D-01  7.2677D-01  6.7683D-01
  8.5859D+00  7.5492D-01 -6.6608D-01  6.5599D-01  7.4586D-01
  8.6869D+00  8.1733D-01 -5.8756D-01  5.7865D-01  8.0752D-01
  8.7879D+00  8.7162D-01 -5.0321D-01  4.9551D-01  8.6121D-01
  8.8889D+00  9.1726D-01 -4.1387D-01  4.0740D-01  9.0638D-01
  8.9899D+00  9.5379D-01 -3.2041D-01  3.1520D-01  9.4257D-01
  9.0909D+00  9.8083D-01 -2.2377D-01  2.1980D-01  9.6940D-01
  9.1919D+00  9.9812D-01 -1.2490D-01  1.2217D-01  9.8660D-01
  9.2929D+00  1.0055D+00 -2.4785D-02  2.3263D-02  9.9399D-01
  9.3939D+00  1.0028D+00  7.5573D-02 -7.5923D-02  9.9148D-01
  9.4950D+00  9.9015D-01  1.7518D-01 -1.7440D-01  9.7909D-01
  9.5960D+00  9.6763D-01  2.7304D-01 -2.7119D-01  9.5693D-01
  9.6970D+00  9.3546D-01  3.6817D-01 -3.6532D-01  9.2522D-01
  9.7980D+00  8.9395D-01  4.5964D-01 -4.5584D-01  8.8425D-01
  9.8990D+00  8.4352D-01  5.4651D-01 -5.4185D-01  8.3444D-01
  1.0000D+01  7.8467D-01  6.2793D-01 -6.2249D-01  7.7628D-01
