   4.0074552775665220       -16.604447833370109     
   4.0385533238031472       -13.234040803400264     
   4.0915972662002789       -8.7005075917444863     
   4.1618870302487867       -4.6172363711739770     
   4.2431787602909621       -1.9054966651249861     
   4.3282498111376091      -0.57397475369381956     
   4.4095415411797845      -0.11272971493098516     
   4.4798313052282923       -1.1553674464322384E-002
   4.5328752476254239       -3.6260772255518981E-004
   4.5639732938620492       -5.0704045779616066E-007
  
   4.0074552775665220        16.161081866263213     
   4.0385533238031472        11.212647352748819     
   4.0915972662002789        4.8721818700696149     
   4.1618870302487867      -0.26486598444563325     
   4.2431787602909621       -2.9097824406772399     
   4.3282498111376091       -3.3691901186627984     
   4.4095415411797845       -2.7409694966522062     
   4.4798313052282923       -1.9592961224438188     
   4.5328752476254239       -1.4194371815626876     
   4.5639732938620492       -1.1519551544980788     
   4.5788838489950932       -1.0377779895856303     
   4.6099818952317184      -0.82712755021251527     
   4.6630258376288500      -0.54378172448402939     
   4.7333156016773579      -0.28857727319837295     
   4.8146073317195333      -0.11909354157031128     
   4.8996783825661803       -3.5873422105863584E-002
   4.9809701126083556       -7.0456071831865334E-003
   5.0512598766568635       -7.2210465402014219E-004
   5.1043038190539951       -2.2662982659699096E-005
   5.1354018652906204       -3.1690028612256269E-008
  
   4.0074552775665220       0.44043518245687530     
   4.0385533238031472        1.9481605313960813     
   4.0915972662002789        3.4622193423151786     
   4.1618870302487867        3.9195261191381054     
   4.2431787602909621        3.0685575743487008     
   4.3282498111376091        1.4730000843447921     
   4.4095415411797845       -7.8226194224325321E-002
   4.4798313052282923       -1.1283643889175452     
   4.5328752476254239       -1.6611202064212796     
   4.5639732938620492       -1.8659463041424422     
   4.5788838489950932       -1.9378701735891060     
   4.6099818952317184       -2.0387460421295058     
   4.6630258376288500       -2.0809017296665204     
   4.7333156016773579       -1.9488870456935778     
   4.8146073317195333       -1.6340603358963692     
   4.8996783825661803       -1.2307914838650089     
   4.9809701126083556      -0.85780510625094808     
   5.0512598766568635      -0.58521252230013887     
   5.1043038190539951      -0.42072089983473443     
   5.1354018652906204      -0.34132028051228941     
   5.1503124204236652      -0.30748974756373060     
   5.1814104666602905      -0.24507480936648243     
   5.2344544090574212      -0.16112049930283037     
   5.3047441731059291       -8.5504372621131808E-002
   5.3860359031481053       -3.5286974462450438E-002
   5.4711069539947523       -1.0629162437891261E-002
   5.5523986840369286       -2.0875875990657663E-003
   5.6226884480854364       -2.1395701560358971E-004
   5.6757323904825672       -6.7149655228320415E-006
   5.7068304367191924       -9.3897007741249109E-009
  
   4.0074552775665220        2.9250692325727538E-003
   4.0385533238031472        7.2369133536391114E-002
   4.0915972662002789       0.35509660147545491     
   4.1618870302487867       0.90604296930232409     
   4.2431787602909621        1.5717552635623573     
   4.3282498111376091        2.0827134857496157     
   4.4095415411797845        2.2589978749813548     
   4.4798313052282923        2.1275686478783453     
   4.5328752476254239        1.8644553500150078     
   4.5639732938620492        1.6552696032496732     
   4.5788838489950932        1.5432657644816310     
   4.6099818952317184        1.2905210486650480     
   4.6630258376288500       0.82000601107142868     
   4.7333156016773579       0.17455892347154461     
   4.8146073317195333      -0.51849295397125528     
   4.8996783825661803       -1.0996661078291281     
   4.9809701126083556       -1.4671501987315541     
   5.0512598766568635       -1.6236356566958154     
   5.1043038190539951       -1.6475334806764705     
   5.1354018652906204       -1.6282391942534147     
   5.1503124204236652       -1.6113431853105087     
   5.1814104666602905       -1.5622730364519613     
   5.2344544090574212       -1.4436568194117474     
   5.3047441731059291       -1.2412055949119001     
   5.3860359031481053      -0.97898138783508049     
   5.4711069539947523      -0.71033996161955570     
   5.5523986840369286      -0.48605448561769948     
   5.6226884480854364      -0.32954476779684377     
   5.6757323904825672      -0.23666689012202605     
   5.7068304367191924      -0.19199267370664017     
   5.7217409918522364      -0.17296298300459848     
   5.7528390380888617      -0.13785458026864636     
   5.8058829804859933       -9.0630280857842152E-002
   5.8761727445345011       -4.8096209599386652E-002
   5.9574644745766765       -1.9848923135128368E-002
   6.0425355254233235       -5.9789038713138299E-003
   6.1238272554654989       -1.1742680244744941E-003
   6.1941170195140067       -1.2035082127701911E-004
   6.2471609619111383       -3.7771681065930342E-006
   6.2782590081477636       -5.2817066854452614E-009
  
   4.0074552775665220        6.4290363104018244E-006
   4.0385533238031472        8.6125105033782814E-004
   4.0915972662002789        1.0913712937912433E-002
   4.1618870302487867        5.5593887977437237E-002
   4.2431787602909621       0.17018313212886332     
   4.3282498111376091       0.37157218797808589     
   4.4095415411797845       0.63445063729768836     
   4.4798313052282923       0.89914141266588210     
   4.5328752476254239        1.1061810839578279     
   4.5639732938620492        1.2242620750379085     
   4.5788838489950932        1.2787881592495380     
   4.6099818952317184        1.3860125837614663     
   4.6630258376288500        1.5408383303398456     
   4.7333156016773579        1.6720785831050802     
   4.8146073317195333        1.6932771550667534     
   4.8996783825661803        1.5496232789146267     
   4.9809701126083556        1.2578072832097531     
   5.0512598766568635       0.90158035405652925     
   5.1043038190539951       0.58563754546011715     
   5.1354018652906204       0.38836969802199195     
   5.1503124204236652       0.29198727982276257     
   5.1814104666602905        8.9613921142440170E-002
   5.2344544090574212      -0.25079317267274187     
   5.3047441731059291      -0.66885322373501144     
   5.3860359031481053       -1.0699919664782815     
   5.4711069539947523       -1.3632912047183656     
   5.5523986840369286       -1.5074211180512784     
   5.6226884480854364       -1.5258117665748721     
   5.6757323904825672       -1.4810603195884542     
   5.7068304367191924       -1.4348529699551356     
   5.7217409918522364       -1.4082268254293524     
   5.7528390380888617       -1.3447849177910804     
   5.8058829804859933       -1.2173596490092451     
   5.8761727445345011       -1.0260974203202087     
   5.9574644745766765      -0.79685881287226390     
   6.0425355254233235      -0.57239076974032710     
   6.1238272554654989      -0.38965252868879763     
   6.1941170195140067      -0.26371872258102130     
   6.2471609619111383      -0.18933611414676085     
   6.2782590081477636      -0.15359414260382104     
   6.2931695632808076      -0.13837038640367866     
   6.3242676095174328      -0.11028366421491698     
   6.3773115519145644       -7.2504224686273683E-002
   6.4476013159630723       -3.8476967679509283E-002
   6.5288930460052477       -1.5879138508102693E-002
   6.6139640968518947       -4.7831230970510601E-003
   6.6952558268940701       -9.3941441957959553E-004
   6.7655455909425779       -9.6280657021615044E-005
   6.8185895333397095       -3.0217344852744220E-006
   6.8496875795763348       -4.2253653483563396E-009
  
   4.0074552775665220        4.2253653483558317E-009
   4.0385533238031472        3.0217344852744195E-006
   4.0915972662002789        9.6280657021614977E-005
   4.1618870302487867        9.3941441957959477E-004
   4.2431787602909621        4.7831230970510497E-003
   4.3282498111376091        1.5879138508102696E-002
   4.4095415411797845        3.8476967679509241E-002
   4.4798313052282923        7.2504224686273655E-002
   4.5328752476254239       0.11028366421491688     
   4.5639732938620492       0.13837038640367880     
   4.5788838489950932       0.15359414366016261     
   4.6099818952317184       0.18933686958038257     
   4.6630258376288500       0.26374279274527707     
   4.7333156016773579       0.38988738229369302     
   4.8146073317195333       0.57358655051459018     
   4.8996783825661803       0.80082859749929047     
   4.9809701126083556        1.0357166622400862     
   5.0512598766568635        1.2354857051808137     
   5.1043038190539951        1.3723558338448103     
   5.1354018652906204        1.4428194220302728     
   5.1503124204236652        1.4732515051659492     
   5.1814104666602905        1.5283940333611357     
   5.2344544090574212        1.5917314179850215     
   5.3047441731059291        1.6047363945547712     
   5.3860359031481053        1.5058906551641713     
   5.4711069539947523        1.2675525927684199     
   5.5523986840369286       0.92136956134844794     
   5.6226884480854364       0.54758056152023238     
   5.6757323904825672       0.23509442661627572     
   5.7068304367191924        4.5655844617525282E-002
   5.7217409918522364       -4.5655844617525865E-002
   5.7528390380888617      -0.23509442661627636     
   5.8058829804859933      -0.54758056152023249     
   5.8761727445345011      -0.92136956134844872     
   5.9574644745766765       -1.2675525927684208     
   6.0425355254233235       -1.5058906551641718     
   6.1238272554654989       -1.6047363945547717     
   6.1941170195140067       -1.5917314179850210     
   6.2471609619111383       -1.5283940333611361     
   6.2782590081477636       -1.4732515051659492     
   6.2931695632808076       -1.4428194220302728     
   6.3242676095174328       -1.3723558338448101     
   6.3773115519145644       -1.2354857051808135     
   6.4476013159630723       -1.0357166622400862     
   6.5288930460052477      -0.80082859749928992     
   6.6139640968518947      -0.57358655051459029     
   6.6952558268940701      -0.38988738229369296     
   6.7655455909425779      -0.26374279274527695     
   6.8185895333397095      -0.18933686958038243     
   6.8496875795763348      -0.15359414366016275     
   6.8645981347093787      -0.13837038640367896     
   6.8956961809460040      -0.11028366421491718     
   6.9487401233431347       -7.2504224686273822E-002
   7.0190298873916426       -3.8476967679509394E-002
   7.1003216174338188       -1.5879138508102738E-002
   7.1853926682804659       -4.7831230970510645E-003
   7.2666843983226421       -9.3941441957959445E-004
   7.3369741623711500       -9.6280657021615858E-005
   7.3900181047682807       -3.0217344852744182E-006
   7.4211161510049060       -4.2253653483563330E-009
  
   4.5788838489950932        4.2253653483563363E-009
   4.6099818952317184        3.0217344852744898E-006
   4.6630258376288500        9.6280657021615898E-005
   4.7333156016773579        9.3941441957959987E-004
   4.8146073317195333        4.7831230970510662E-003
   4.8996783825661803        1.5879138508102745E-002
   4.9809701126083556        3.8476967679509318E-002
   5.0512598766568635        7.2504224686273780E-002
   5.1043038190539951       0.11028366421491714     
   5.1354018652906204       0.13837038640367902     
   5.1503124204236652       0.15359414366016261     
   5.1814104666602905       0.18933686958038226     
   5.2344544090574212       0.26374279274527701     
   5.3047441731059291       0.38988738229369263     
   5.3860359031481053       0.57358655051459018     
   5.4711069539947523       0.80082859749928981     
   5.5523986840369286        1.0357166622400862     
   5.6226884480854364        1.2354857051808132     
   5.6757323904825672        1.3723558338448103     
   5.7068304367191924        1.4428194220302726     
   5.7217409918522364        1.4732515051659489     
   5.7528390380888617        1.5283940333611361     
   5.8058829804859933        1.5917314179850210     
   5.8761727445345011        1.6047363945547719     
   5.9574644745766765        1.5058906551641718     
   6.0425355254233235        1.2675525927684204     
   6.1238272554654989       0.92136956134844838     
   6.1941170195140067       0.54758056152023216     
   6.2471609619111383       0.23509442661627600     
   6.2782590081477636        4.5655844617525435E-002
   6.2931695632808076       -4.5655844617525587E-002
   6.3242676095174328      -0.23509442661627600     
   6.3773115519145644      -0.54758056152023216     
   6.4476013159630723      -0.92136956134844838     
   6.5288930460052477       -1.2675525927684201     
   6.6139640968518947       -1.5058906551641713     
   6.6952558268940701       -1.6047363945547719     
   6.7655455909425779       -1.5917314179850210     
   6.8185895333397095       -1.5283940333611357     
   6.8496875795763348       -1.4732515051659496     
   6.8645981347093787       -1.4428194220302726     
   6.8956961809460040       -1.3723558338448105     
   6.9487401233431347       -1.2354857051808137     
   7.0190298873916426       -1.0357166622400868     
   7.1003216174338188      -0.80082859749929036     
   7.1853926682804659      -0.57358655051459040     
   7.2666843983226421      -0.38988738229369274     
   7.3369741623711500      -0.26374279274527712     
   7.3900181047682807      -0.18933686958038234     
   7.4211161510049060      -0.15359414366016261     
   7.4360267061379508      -0.13837038640367888     
   7.4671247523745761      -0.11028366421491713     
   7.5201686947717077       -7.2504224686273711E-002
   7.5904584588202155       -3.8476967679509352E-002
   7.6717501888623909       -1.5879138508102724E-002
   7.7568212397090379       -4.7831230970510610E-003
   7.8381129697512133       -9.3941441957959369E-004
   7.9084027337997211       -9.6280657021615790E-005
   7.9614466761968528       -3.0217344852744165E-006
   7.9925447224334780       -4.2253653483563305E-009
  
   5.1503124204236652        4.2253653483563355E-009
   5.1814104666602905        3.0217344852744195E-006
   5.2344544090574212        9.6280657021615424E-005
   5.3047441731059291        9.3941441957959434E-004
   5.3860359031481053        4.7831230970510662E-003
   5.4711069539947523        1.5879138508102696E-002
   5.5523986840369286        3.8476967679509325E-002
   5.6226884480854364        7.2504224686273711E-002
   5.6757323904825672       0.11028366421491710     
   5.7068304367191924       0.13837038640367880     
   5.7217409918522364       0.15359414260382112     
   5.7528390380888617       0.18933611414676099     
   5.8058829804859933       0.26371872258102141     
   5.8761727445345011       0.38965252868879768     
   5.9574644745766765       0.57239076974032732     
   6.0425355254233235       0.79685881287226412     
   6.1238272554654989        1.0260974203202091     
   6.1941170195140067        1.2173596490092451     
   6.2471609619111383        1.3447849177910809     
   6.2782590081477636        1.4082268254293528     
   6.2931695632808076        1.4348529699551360     
   6.3242676095174328        1.4810603195884544     
   6.3773115519145644        1.5258117665748721     
   6.4476013159630723        1.5074211180512784     
   6.5288930460052477        1.3632912047183663     
   6.6139640968518947        1.0699919664782820     
   6.6952558268940701       0.66885322373501266     
   6.7655455909425779       0.25079317267274187     
   6.8185895333397095       -8.9613921142439198E-002
   6.8496875795763348      -0.29198727982276146     
   6.8645981347093787      -0.38836969802199250     
   6.8956961809460040      -0.58563754546011615     
   6.9487401233431347      -0.90158035405652892     
   7.0190298873916426       -1.2578072832097524     
   7.1003216174338188       -1.5496232789146267     
   7.1853926682804659       -1.6932771550667534     
   7.2666843983226421       -1.6720785831050797     
   7.3369741623711500       -1.5408383303398456     
   7.3900181047682807       -1.3860125837614656     
   7.4211161510049060       -1.2787881592495383     
   7.4360267061379508       -1.2242620750379085     
   7.4671247523745761       -1.1061810839578290     
   7.5201686947717077      -0.89914141266588232     
   7.5904584588202155      -0.63445063729768958     
   7.6717501888623909      -0.37157218797808633     
   7.7568212397090379      -0.17018313212886355     
   7.8381129697512133       -5.5593887977437188E-002
   7.9084027337997211       -1.0913712937912500E-002
   7.9614466761968528       -8.6125105033782749E-004
   7.9925447224334780       -6.4290363104023885E-006
  
   5.7217409918522364        5.2817066854452614E-009
   5.7528390380888617        3.7771681065930350E-006
   5.8058829804859933        1.2035082127701910E-004
   5.8761727445345011        1.1742680244744938E-003
   5.9574644745766765        5.9789038713138291E-003
   6.0425355254233235        1.9848923135128375E-002
   6.1238272554654989        4.8096209599386652E-002
   6.1941170195140067        9.0630280857842166E-002
   6.2471609619111383       0.13785458026864639     
   6.2782590081477636       0.17296298300459848     
   6.2931695632808076       0.19199267370664019     
   6.3242676095174328       0.23666689012202613     
   6.3773115519145644       0.32954476779684372     
   6.4476013159630723       0.48605448561769948     
   6.5288930460052477       0.71033996161955548     
   6.6139640968518947       0.97898138783507993     
   6.6952558268940701        1.2412055949118996     
   6.7655455909425779        1.4436568194117474     
   6.8185895333397095        1.5622730364519610     
   6.8496875795763348        1.6113431853105089     
   6.8645981347093787        1.6282391942534149     
   6.8956961809460040        1.6475334806764705     
   6.9487401233431347        1.6236356566958159     
   7.0190298873916426        1.4671501987315549     
   7.1003216174338188        1.0996661078291283     
   7.1853926682804659       0.51849295397125605     
   7.2666843983226421      -0.17455892347154534     
   7.3369741623711500      -0.82000601107142701     
   7.3900181047682807       -1.2905210486650487     
   7.4211161510049060       -1.5432657644816294     
   7.4360267061379508       -1.6552696032496719     
   7.4671247523745761       -1.8644553500150052     
   7.5201686947717077       -2.1275686478783435     
   7.5904584588202155       -2.2589978749813535     
   7.6717501888623909       -2.0827134857496148     
   7.7568212397090379       -1.5717552635623575     
   7.8381129697512133      -0.90604296930232298     
   7.9084027337997211      -0.35509660147545608     
   7.9614466761968528       -7.2369133536391045E-002
   7.9925447224334780       -2.9250692325729234E-003
  
   6.2931695632808076        9.3897007741249076E-009
   6.3242676095174328        6.7149655228320423E-006
   6.3773115519145644        2.1395701560358933E-004
   6.4476013159630723        2.0875875990657624E-003
   6.5288930460052477        1.0629162437891238E-002
   6.6139640968518947        3.5286974462450389E-002
   6.6952558268940701        8.5504372621131614E-002
   6.7655455909425779       0.16112049930283032     
   6.8185895333397095       0.24507480936648196     
   6.8496875795763348       0.30748974756373004     
   6.8645981347093787       0.34132028051228935     
   6.8956961809460040       0.42072089983473387     
   6.9487401233431347       0.58521252230013843     
   7.0190298873916426       0.85780510625094730     
   7.1003216174338188        1.2307914838650089     
   7.1853926682804659        1.6340603358963690     
   7.2666843983226421        1.9488870456935778     
   7.3369741623711500        2.0809017296665200     
   7.3900181047682807        2.0387460421295036     
   7.4211161510049060        1.9378701735891053     
   7.4360267061379508        1.8659463041424418     
   7.4671247523745761        1.6611202064212804     
   7.5201686947717077        1.1283643889175448     
   7.5904584588202155        7.8226194224330248E-002
   7.6717501888623909       -1.4730000843447901     
   7.7568212397090379       -3.0685575743486972     
   7.8381129697512133       -3.9195261191381041     
   7.9084027337997211       -3.4622193423151804     
   7.9614466761968528       -1.9481605313960799     
   7.9925447224334780      -0.44043518245688762     
  
   6.8645981347093787        3.1690028612259988E-008
   6.8956961809460040        2.2662982659699577E-005
   6.9487401233431347        7.2210465402014771E-004
   7.0190298873916426        7.0456071831865577E-003
   7.1003216174338188        3.5873422105863646E-002
   7.1853926682804659       0.11909354157031139     
   7.2666843983226421       0.28857727319837301     
   7.3369741623711500       0.54378172448402939     
   7.3900181047682807       0.82712755021251527     
   7.4211161510049060        1.0377779895856296     
   7.4360267061379508        1.1519551544980784     
   7.4671247523745761        1.4194371815626865     
   7.5201686947717077        1.9592961224438172     
   7.5904584588202155        2.7409694966522040     
   7.6717501888623909        3.3691901186627971     
   7.7568212397090379        2.9097824406772412     
   7.8381129697512133       0.26486598444564130     
   7.9084027337997211       -4.8721818700695962     
   7.9614466761968528       -11.212647352748785     
   7.9925447224334780       -16.161081866263167     
  
   7.4360267061379508        5.0704045779615981E-007
   7.4671247523745761        3.6260772255518911E-004
   7.5201686947717077        1.1553674464322363E-002
   7.5904584588202155       0.11272971493098492     
   7.6717501888623909       0.57397475369381834     
   7.7568212397090379        1.9054966651249823     
   7.8381129697512133        4.6172363711739681     
   7.9084027337997211        8.7005075917444703     
   7.9614466761968528        13.234040803400244     
   7.9925447224334780        16.604447833370074     
  
