   8.6978238276094189E-003   6.2718944751621750E-002
   4.4978877770338488E-002  0.27424488502747169     
  0.10686347723365852       0.48215079641150344     
  0.18886820195691759       0.55366671806662837     
  0.28370855367278958       0.47955788305879188     
  0.38295811299387705       0.34005381239693511     
  0.47779846470974907       0.21388296656530320     
  0.55980318943300811       0.13122681634688660     
  0.62168778889632814        8.6624540145328735E-002
  0.65796884283905721        6.6684882273328791E-002
  0.67536449049427616        5.8527906247809479E-002
  0.71164554443700512        4.4075579204470750E-002
  0.77353014390032526        2.6092349147261166E-002
  0.85553486862358430        1.1818438015017339E-002
  0.95037522033945621        3.9092432377193873E-003
   1.0496247796605438        8.7236543605735326E-004
   1.1444651313764158        1.1405924491862770E-004
   1.2264698560996747        6.6142816396218843E-006
   1.2883544555629949        8.7373347575943347E-008
   1.3246355095057238        2.3625822219409724E-011
  
   8.6978238276094189E-003   8.3089993825613529E-004
   4.4978877770338488E-002   2.0065104605236340E-002
  0.10686347723365852        9.4474113257675102E-002
  0.18886820195691759       0.22846511948944034     
  0.28370855367278958       0.37405877733057408     
  0.38295811299387705       0.47180802490389523     
  0.47779846470974907       0.49941210894999732     
  0.55980318943300811       0.47715142171734287     
  0.62168778889632814       0.43964074698466671     
  0.65796884283905721       0.41212025132966590     
  0.67536449049427616       0.39793092349742848     
  0.71164554443700512       0.36693278660251916     
  0.77353014390032526       0.31197656702020859     
  0.85553486862358430       0.24065038148401158     
  0.95037522033945621       0.16742891122618297     
   1.0496247796605438       0.10641090635364862     
   1.1444651313764158        6.4112005300691860E-002
   1.2264698560996747        3.8924891695064849E-002
   1.2883544555629949        2.5667098271673891E-002
   1.3246355095057238        1.9758485204916541E-002
   1.3420311571609425        1.7341600576232755E-002
   1.3783122111036716        1.3059429972791805E-002
   1.4401968105669916        7.7310659479511564E-003
   1.5222015352902507        3.5017592540868996E-003
   1.6170418870061227        1.1582942702917018E-003
   1.7162914463272103        2.5847865445776627E-004
   1.8111317980430823        3.3795335679695206E-005
   1.8931365227663415        1.9597877713659183E-006
   1.9550211222296614        2.5888424012871783E-008
   1.9913021761723906        7.0002825537690743E-012
  
   8.6978238276094189E-003   3.6511801146126686E-006
   4.4978877770338488E-002   4.7655512896059327E-004
  0.10686347723365852        5.7691577577725188E-003
  0.18886820195691759        2.7589558248561276E-002
  0.28370855367278958        7.8214036556169431E-002
  0.38295811299387705       0.15692533403194939     
  0.47779846470974907       0.24632737111896053     
  0.55980318943300811       0.32417783552220458     
  0.62168778889632814       0.37740129592920685     
  0.65796884283905721       0.40481163336695025     
  0.67536449049427616       0.41673883277884910     
  0.71164554443700512       0.43880001324184653     
  0.77353014390032526       0.46686620951905133     
  0.85553486862358430       0.48432190787213503     
  0.95037522033945621       0.47699674466578557     
   1.0496247796605438       0.44194107802814880     
   1.1444651313764158       0.38910573057754472     
   1.2264698560996747       0.33435833430602524     
   1.2883544555629949       0.29081128704578668     
   1.3246355095057238       0.26531444821761063     
   1.3420311571609425       0.25323557669419822     
   1.3783122111036716       0.22853950733966569     
   1.4401968105669916       0.18859339168875344     
   1.5222015352902507       0.14130241582020076     
   1.6170418870061227        9.6142433319831869E-002
   1.7162914463272103        6.0294336917812802E-002
   1.8111317980430823        3.6120296636658673E-002
   1.8931365227663415        2.1898574031180101E-002
   1.9550211222296614        1.4437786666785404E-002
   1.9913021761723906        1.1114147939633209E-002
   2.0086978238276094        9.7546503241308959E-003
   2.0449788777703382        7.3459293596953934E-003
   2.1068634772336581        4.3487245957225286E-003
   2.1888682019569172        1.9697395804238824E-003
   2.2837085536727892        6.5154052703908277E-004
   2.3829581129938768        1.4539424313249363E-004
   2.4777984647097488        1.9009876319828562E-005
   2.5598031894330080        1.1023806213933296E-006
   2.6216877888963279        1.4562238507240386E-008
   2.6579688428390567        3.9376589364961115E-012
  
   8.6978238276094189E-003   6.0002722603174262E-009
   4.4978877770338488E-002   4.1837617720259136E-006
  0.10686347723365852        1.2747538606977236E-004
  0.18886820195691759        1.1683970623449877E-003
  0.28370855367278958        5.5050989085104586E-003
  0.38295811299387705        1.6733746769380265E-002
  0.47779846470974907        3.6976808517141899E-002
  0.55980318943300811        6.3859112529934925E-002
  0.62168778889632814        9.0455270250377931E-002
  0.65796884283905721       0.10857950761628841     
  0.67536449049427616       0.11791102342058035     
  0.71164554443700512       0.13864137007003088     
  0.77353014390032526       0.17754415486307820     
  0.85553486862358430       0.23428093028308752     
  0.95037522033945621       0.30318407668981179     
   1.0496247796605438       0.37276132394676498     
   1.1444651313764158       0.43029960091630132     
   1.2264698560996747       0.46849093371362549     
   1.2883544555629949       0.48828346296322339     
   1.3246355095057238       0.49586408465106724     
   1.3420311571609425       0.49840070318757779     
   1.3783122111036716       0.50136820377561553     
   1.4401968105669916       0.49920372376249755     
   1.5222015352902507       0.48289267715773232     
   1.6170418870061227       0.44719822291690930     
   1.7162914463272103       0.39494823392069645     
   1.8111317980430823       0.33614905579564180     
   1.8931365227663415       0.28257128478184645     
   1.9550211222296614       0.24259504635671733     
   1.9913021761723906       0.21990797159535785     
   2.0086978238276094       0.20930833157864856     
   2.0449788777703382       0.18789213498618945     
   2.1068634772336581       0.15387050140583386     
   2.1888682019569172       0.11439886436711931     
   2.2837085536727892        7.7362785685603563E-002
   2.3829581129938768        4.8335630012852647E-002
   2.4777984647097488        2.8909333001902824E-002
   2.5598031894330080        1.7519618642705497E-002
   2.6216877888963279        1.1550239365192633E-002
   2.6579688428390567        8.8913183544192097E-003
   2.6753644904942764        7.8037202593046933E-003
   2.7116455444370051        5.8767434877562983E-003
   2.7735301439003250        3.4789796765780107E-003
   2.8555348686235842        1.5757916643390987E-003
   2.9503752203394562        5.2123242163126327E-004
   3.0496247796605438        1.1631539450599402E-004
   3.1444651313764158        1.5207901055862678E-005
   3.2264698560996750        8.8190449711464589E-007
   3.2883544555629949        1.1649790805791736E-008
   3.3246355095057236        3.1501271491960859E-012
  
   8.6978238276094189E-003   3.1501271491960842E-012
   4.4978877770338488E-002   1.1649790805792161E-008
  0.10686347723365852        8.8190449711466368E-007
  0.18886820195691759        1.5207901055862812E-005
  0.28370855367278958        1.1631539450599467E-004
  0.38295811299387705        5.2123242163126468E-004
  0.47779846470974907        1.5757916643391020E-003
  0.55980318943300811        3.4789796765780120E-003
  0.62168778889632814        5.8767434877563026E-003
  0.65796884283905721        7.8037202593047236E-003
  0.67536449049427616        8.8913183552067204E-003
  0.71164554443700512        1.1550242277640328E-002
  0.77353014390032526        1.7519839118829785E-002
  0.85553486862358430        2.8913134977166795E-002
  0.95037522033945621        4.8364708861479123E-002
   1.0496247796605438        7.7493093791011311E-002
   1.1444651313764158       0.11479281228320405     
   1.2264698560996747       0.15474024632497818     
   1.2883544555629949       0.18936132085812846     
   1.3246355095057238       0.21125926164347478     
   1.3420311571609425       0.22213080118363437     
   1.3783122111036716       0.24548260498449556     
   1.4401968105669916       0.28695109757747089     
   1.5222015352902507       0.34337480488975730     
   1.6170418870061227       0.40702002523698183     
   1.7162914463272103       0.46648462429439047     
   1.8111317980430823       0.51132824828447676     
   1.8931365227663415       0.53730895539764600     
   1.9550211222296614       0.54772907674218851     
   1.9913021761723906       0.54991489855522913     
   2.0086978238276094       0.54991489855522924     
   2.0449788777703382       0.54772907674218851     
   2.1068634772336581       0.53730895539764589     
   2.1888682019569172       0.51132824828447687     
   2.2837085536727892       0.46648462429439047     
   2.3829581129938768       0.40702002523698205     
   2.4777984647097488       0.34337480488975758     
   2.5598031894330080       0.28695109757747111     
   2.6216877888963279       0.24548260498449576     
   2.6579688428390567       0.22213080118363487     
   2.6753644904942764       0.21125926164347458     
   2.7116455444370051       0.18936132085812837     
   2.7735301439003250       0.15474024632497821     
   2.8555348686235842       0.11479281228320401     
   2.9503752203394562        7.7493093791011269E-002
   3.0496247796605438        4.8364708861479075E-002
   3.1444651313764158        2.8913134977166750E-002
   3.2264698560996750        1.7519839118829747E-002
   3.2883544555629949        1.1550242277640319E-002
   3.3246355095057236        8.8913183552067274E-003
   3.3420311571609425        7.8037202593047340E-003
   3.3783122111036716        5.8767434877563087E-003
   3.4401968105669916        3.4789796765780194E-003
   3.5222015352902507        1.5757916643391043E-003
   3.6170418870061227        5.2123242163126565E-004
   3.7162914463272103        1.1631539450599479E-004
   3.8111317980430823        1.5207901055862839E-005
   3.8931365227663415        8.8190449711466294E-007
   3.9550211222296614        1.1649790805792299E-008
   3.9913021761723906        3.1501271491960814E-012
  
  0.67536449049427616        3.1501271491962854E-012
  0.71164554443700512        1.1649790805792161E-008
  0.77353014390032526        8.8190449711466834E-007
  0.85553486862358430        1.5207901055862846E-005
  0.95037522033945621        1.1631539450599463E-004
   1.0496247796605438        5.2123242163126522E-004
   1.1444651313764158        1.5757916643391033E-003
   1.2264698560996747        3.4789796765780112E-003
   1.2883544555629949        5.8767434877563078E-003
   1.3246355095057238        7.8037202593047167E-003
   1.3420311571609425        8.8913183552066961E-003
   1.3783122111036716        1.1550242277640316E-002
   1.4401968105669916        1.7519839118829750E-002
   1.5222015352902507        2.8913134977166761E-002
   1.6170418870061227        4.8364708861479096E-002
   1.7162914463272103        7.7493093791011297E-002
   1.8111317980430823       0.11479281228320404     
   1.8931365227663415       0.15474024632497826     
   1.9550211222296614       0.18936132085812837     
   1.9913021761723906       0.21125926164347489     
   2.0086978238276094       0.22213080118363462     
   2.0449788777703382       0.24548260498449551     
   2.1068634772336581       0.28695109757747078     
   2.1888682019569172       0.34337480488975725     
   2.2837085536727892       0.40702002523698178     
   2.3829581129938768       0.46648462429439019     
   2.4777984647097488       0.51132824828447676     
   2.5598031894330080       0.53730895539764578     
   2.6216877888963279       0.54772907674218829     
   2.6579688428390567       0.54991489855522890     
   2.6753644904942764       0.54991489855522901     
   2.7116455444370051       0.54772907674218829     
   2.7735301439003250       0.53730895539764578     
   2.8555348686235842       0.51132824828447676     
   2.9503752203394562       0.46648462429439019     
   3.0496247796605438       0.40702002523698178     
   3.1444651313764158       0.34337480488975719     
   3.2264698560996750       0.28695109757747078     
   3.2883544555629949       0.24548260498449548     
   3.3246355095057236       0.22213080118363457     
   3.3420311571609425       0.21125926164347486     
   3.3783122111036716       0.18936132085812835     
   3.4401968105669916       0.15474024632497821     
   3.5222015352902507       0.11479281228320400     
   3.6170418870061227        7.7493093791011283E-002
   3.7162914463272103        4.8364708861479082E-002
   3.8111317980430823        2.8913134977166757E-002
   3.8931365227663415        1.7519839118829740E-002
   3.9550211222296614        1.1550242277640307E-002
   3.9913021761723906        8.8913183552066875E-003
   4.0086978238276094        7.8037202593047011E-003
   4.0449788777703386        5.8767434877562801E-003
   4.1068634772336585        3.4789796765779999E-003
   4.1888682019569172        1.5757916643391000E-003
   4.2837085536727892        5.2123242163126381E-004
   4.3829581129938768        1.1631539450599416E-004
   4.4777984647097488        1.5207901055862694E-005
   4.5598031894330076        8.8190449711466495E-007
   4.6216877888963275        1.1649790805792325E-008
   4.6579688428390567        3.1501271491960887E-012
  
   1.3420311571609425        3.1501271491956820E-012
   1.3783122111036716        1.1649790805792017E-008
   1.4401968105669916        8.8190449711465436E-007
   1.5222015352902507        1.5207901055862753E-005
   1.6170418870061227        1.1631539450599443E-004
   1.7162914463272103        5.2123242163126446E-004
   1.8111317980430823        1.5757916643391013E-003
   1.8931365227663415        3.4789796765780146E-003
   1.9550211222296614        5.8767434877563026E-003
   1.9913021761723906        7.8037202593047288E-003
   2.0086978238276094        8.8913183552067204E-003
   2.0449788777703382        1.1550242277640311E-002
   2.1068634772336581        1.7519839118829737E-002
   2.1888682019569172        2.8913134977166740E-002
   2.2837085536727892        4.8364708861479075E-002
   2.3829581129938768        7.7493093791011256E-002
   2.4777984647097488       0.11479281228320400     
   2.5598031894330080       0.15474024632497818     
   2.6216877888963279       0.18936132085812837     
   2.6579688428390567       0.21125926164347450     
   2.6753644904942764       0.22213080118363487     
   2.7116455444370051       0.24548260498449576     
   2.7735301439003250       0.28695109757747111     
   2.8555348686235842       0.34337480488975752     
   2.9503752203394562       0.40702002523698205     
   3.0496247796605438       0.46648462429439047     
   3.1444651313764158       0.51132824828447698     
   3.2264698560996750       0.53730895539764589     
   3.2883544555629949       0.54772907674218851     
   3.3246355095057236       0.54991489855522901     
   3.3420311571609425       0.54991489855522913     
   3.3783122111036716       0.54772907674218851     
   3.4401968105669916       0.53730895539764589     
   3.5222015352902507       0.51132824828447676     
   3.6170418870061227       0.46648462429439030     
   3.7162914463272103       0.40702002523698194     
   3.8111317980430823       0.34337480488975736     
   3.8931365227663415       0.28695109757747089     
   3.9550211222296614       0.24548260498449556     
   3.9913021761723906       0.22213080118363443     
   4.0086978238276094       0.21125926164347464     
   4.0449788777703386       0.18936132085812823     
   4.1068634772336585       0.15474024632497804     
   4.1888682019569172       0.11479281228320405     
   4.2837085536727892        7.7493093791011325E-002
   4.3829581129938768        4.8364708861479117E-002
   4.4777984647097488        2.8913134977166768E-002
   4.5598031894330076        1.7519839118829809E-002
   4.6216877888963275        1.1550242277640359E-002
   4.6579688428390567        8.8913183552067326E-003
   4.6753644904942764        7.8037202593046889E-003
   4.7116455444370047        5.8767434877563121E-003
   4.7735301439003255        3.4789796765779934E-003
   4.8555348686235842        1.5757916643390976E-003
   4.9503752203394562        5.2123242163126283E-004
   5.0496247796605438        1.1631539450599394E-004
   5.1444651313764158        1.5207901055862666E-005
   5.2264698560996745        8.8190449711466347E-007
   5.2883544555629953        1.1649790805791152E-008
   5.3246355095057236        3.1501271491960834E-012
  
   2.0086978238276094        3.1501271491960859E-012
   2.0449788777703382        1.1649790805791736E-008
   2.1068634772336581        8.8190449711464589E-007
   2.1888682019569172        1.5207901055862678E-005
   2.2837085536727892        1.1631539450599406E-004
   2.3829581129938768        5.2123242163126327E-004
   2.4777984647097488        1.5757916643390987E-003
   2.5598031894330080        3.4789796765780107E-003
   2.6216877888963279        5.8767434877562983E-003
   2.6579688428390567        7.8037202593046933E-003
   2.6753644904942764        8.8913183552067412E-003
   2.7116455444370051        1.1550242277640335E-002
   2.7735301439003250        1.7519839118829775E-002
   2.8555348686235842        2.8913134977166792E-002
   2.9503752203394562        4.8364708861479137E-002
   3.0496247796605438        7.7493093791011353E-002
   3.1444651313764158       0.11479281228320412     
   3.2264698560996750       0.15474024632497835     
   3.2883544555629949       0.18936132085812848     
   3.3246355095057236       0.21125926164347475     
   3.3420311571609425       0.22213080118363451     
   3.3783122111036716       0.24548260498449570     
   3.4401968105669916       0.28695109757747100     
   3.5222015352902507       0.34337480488975752     
   3.6170418870061227       0.40702002523698194     
   3.7162914463272103       0.46648462429439047     
   3.8111317980430823       0.51132824828447698     
   3.8931365227663415       0.53730895539764600     
   3.9550211222296614       0.54772907674218851     
   3.9913021761723906       0.54991489855522913     
   4.0086978238276094       0.54991489855522913     
   4.0449788777703386       0.54772907674218851     
   4.1068634772336585       0.53730895539764589     
   4.1888682019569172       0.51132824828447687     
   4.2837085536727892       0.46648462429439042     
   4.3829581129938768       0.40702002523698200     
   4.4777984647097488       0.34337480488975747     
   4.5598031894330076       0.28695109757747139     
   4.6216877888963275       0.24548260498449601     
   4.6579688428390567       0.22213080118363482     
   4.6753644904942764       0.21125926164347453     
   4.7116455444370047       0.18936132085812857     
   4.7735301439003255       0.15474024632497790     
   4.8555348686235842       0.11479281228320398     
   4.9503752203394562        7.7493093791011256E-002
   5.0496247796605438        4.8364708861479047E-002
   5.1444651313764158        2.8913134977166740E-002
   5.2264698560996745        1.7519839118829792E-002
   5.2883544555629953        1.1550242277640279E-002
   5.3246355095057236        8.8913183552067239E-003
   5.3420311571609425        7.8037202593047332E-003
   5.3783122111036707        5.8767434877563486E-003
   5.4401968105669916        3.4789796765780181E-003
   5.5222015352902503        1.5757916643391106E-003
   5.6170418870061223        5.2123242163126836E-004
   5.7162914463272099        1.1631539450599565E-004
   5.8111317980430819        1.5207901055863007E-005
   5.8931365227663406        8.8190449711469915E-007
   5.9550211222296614        1.1649790805792294E-008
   5.9913021761723897        3.1501271491976893E-012
  
   2.6753644904942764        3.1501271491968888E-012
   2.7116455444370051        1.1649790805792310E-008
   2.7735301439003250        8.8190449711466368E-007
   2.8555348686235842        1.5207901055862851E-005
   2.9503752203394562        1.1631539450599489E-004
   3.0496247796605438        5.2123242163126630E-004
   3.1444651313764158        1.5757916643391061E-003
   3.2264698560996750        3.4789796765780224E-003
   3.2883544555629949        5.8767434877563156E-003
   3.3246355095057236        7.8037202593047167E-003
   3.3420311571609425        8.8913183544191733E-003
   3.3783122111036716        1.1550239365192626E-002
   3.4401968105669916        1.7519618642705487E-002
   3.5222015352902507        2.8909333001902810E-002
   3.6170418870061227        4.8335630012852626E-002
   3.7162914463272103        7.7362785685603536E-002
   3.8111317980430823       0.11439886436711930     
   3.8931365227663415       0.15387050140583383     
   3.9550211222296614       0.18789213498618940     
   3.9913021761723906       0.20930833157864878     
   4.0086978238276094       0.21990797159535808     
   4.0449788777703386       0.24259504635671758     
   4.1068634772336585       0.28257128478184668     
   4.1888682019569172       0.33614905579564164     
   4.2837085536727892       0.39494823392069645     
   4.3829581129938768       0.44719822291690942     
   4.4777984647097488       0.48289267715773232     
   4.5598031894330076       0.49920372376249761     
   4.6216877888963275       0.50136820377561586     
   4.6579688428390567       0.49840070318757784     
   4.6753644904942764       0.49586408465106724     
   4.7116455444370047       0.48828346296322367     
   4.7735301439003255       0.46849093371362516     
   4.8555348686235842       0.43029960091630115     
   4.9503752203394562       0.37276132394676481     
   5.0496247796605438       0.30318407668981157     
   5.1444651313764158       0.23428093028308730     
   5.2264698560996745       0.17754415486307826     
   5.2883544555629953       0.13864137007003047     
   5.3246355095057236       0.11791102342058032     
   5.3420311571609425       0.10857950761628851     
   5.3783122111036707        9.0455270250378403E-002
   5.4401968105669916        6.3859112529934980E-002
   5.5222015352902503        3.6976808517142037E-002
   5.6170418870061223        1.6733746769380345E-002
   5.7162914463272099        5.5050989085104951E-003
   5.8111317980430819        1.1683970623449988E-003
   5.8931365227663406        1.2747538606977638E-004
   5.9550211222296614        4.1837617720259500E-006
   5.9913021761723897        6.0002722603198680E-009
  
   3.3420311571609425        3.9376589364951026E-012
   3.3783122111036716        1.4562238507240373E-008
   3.4401968105669916        1.1023806213933288E-006
   3.5222015352902507        1.9009876319828541E-005
   3.6170418870061227        1.4539424313249352E-004
   3.7162914463272103        6.5154052703908212E-004
   3.8111317980430823        1.9697395804238807E-003
   3.8931365227663415        4.3487245957225251E-003
   3.9550211222296614        7.3459293596953900E-003
   3.9913021761723906        9.7546503241309236E-003
   4.0086978238276094        1.1114147939633232E-002
   4.0449788777703386        1.4437786666785433E-002
   4.1068634772336585        2.1898574031180146E-002
   4.1888682019569172        3.6120296636658639E-002
   4.2837085536727892        6.0294336917812760E-002
   4.3829581129938768        9.6142433319831799E-002
   4.4777984647097488       0.14130241582020070     
   4.5598031894330076       0.18859339168875308     
   4.6216877888963275       0.22853950733966533     
   4.6579688428390567       0.25323557669419788     
   4.6753644904942764       0.26531444821761108     
   4.7116455444370047       0.29081128704578652     
   4.7735301439003255       0.33435833430602557     
   4.8555348686235842       0.38910573057754477     
   4.9503752203394562       0.44194107802814891     
   5.0496247796605438       0.47699674466578568     
   5.1444651313764158       0.48432190787213508     
   5.2264698560996745       0.46686620951905128     
   5.2883544555629953       0.43880001324184620     
   5.3246355095057236       0.41673883277884910     
   5.3420311571609425       0.40481163336695031     
   5.3783122111036707       0.37740129592920757     
   5.4401968105669916       0.32417783552220475     
   5.5222015352902503       0.24632737111896100     
   5.6170418870061223       0.15692533403194986     
   5.7162914463272099        7.8214036556169764E-002
   5.8111317980430819        2.7589558248561460E-002
   5.8931365227663406        5.7691577577726498E-003
   5.9550211222296614        4.7655512896059647E-004
   5.9913021761723897        3.6511801146137787E-006
  
   4.0086978238276094        7.0002825537690824E-012
   4.0449788777703386        2.5888424012871817E-008
   4.1068634772336585        1.9597877713659213E-006
   4.1888682019569172        3.3795335679694847E-005
   4.2837085536727892        2.5847865445776459E-004
   4.3829581129938768        1.1582942702916966E-003
   4.4777984647097488        3.5017592540868884E-003
   4.5598031894330076        7.7310659479511053E-003
   4.6216877888963275        1.3059429972791730E-002
   4.6579688428390567        1.7341600576232657E-002
   4.6753644904942764        1.9758485204916604E-002
   4.7116455444370047        2.5667098271673839E-002
   4.7735301439003255        3.8924891695064967E-002
   4.8555348686235842        6.4112005300691929E-002
   4.9503752203394562       0.10641090635364873     
   5.0496247796605438       0.16742891122618314     
   5.1444651313764158       0.24065038148401180     
   5.2264698560996745       0.31197656702020854     
   5.2883544555629953       0.36693278660251977     
   5.3246355095057236       0.39793092349742837     
   5.3420311571609425       0.41212025132966568     
   5.3783122111036707       0.43964074698466604     
   5.4401968105669916       0.47715142171734265     
   5.5222015352902503       0.49941210894999721     
   5.6170418870061223       0.47180802490389551     
   5.7162914463272099       0.37405877733057474     
   5.8111317980430819       0.22846511948944112     
   5.8931365227663406        9.4474113257676351E-002
   5.9550211222296614        2.0065104605236424E-002
   5.9913021761723897        8.3089993825630204E-004
  
   4.6753644904942764        2.3625822219424743E-011
   4.7116455444370047        8.7373347575953922E-008
   4.7735301439003255        6.6142816396220046E-006
   4.8555348686235842        1.1405924491863016E-004
   4.9503752203394562        8.7236543605736475E-004
   5.0496247796605438        3.9092432377194012E-003
   5.1444651313764158        1.1818438015017346E-002
   5.2264698560996745        2.6092349147261315E-002
   5.2883544555629953        4.4075579204470729E-002
   5.3246355095057236        5.8527906247809430E-002
   5.3420311571609425        6.6684882273328833E-002
   5.3783122111036707        8.6624540145328777E-002
   5.4401968105669916       0.13122681634688607     
   5.5222015352902503       0.21388296656530306     
   5.6170418870061223       0.34005381239693472     
   5.7162914463272099       0.47955788305879099     
   5.8111317980430819       0.55366671806662826     
   5.8931365227663406       0.48215079641150405     
   5.9550211222296614       0.27424488502747635     
   5.9913021761723897        6.2718944751628661E-002
  
   5.3420311571609425        3.7801315551060304E-010
   5.3783122111036707        1.3979735612151247E-006
   5.4401968105669916        1.0582850623394768E-004
   5.5222015352902503        1.8249479186980392E-003
   5.6170418870061223        1.3957846976917617E-002
   5.7162914463272099        6.2547891803509711E-002
   5.8111317980430819       0.18909500824027578     
   5.8931365227663406       0.41747758635617760     
   5.9550211222296614       0.70520926727152666     
   5.9913021761723897       0.93644649996494478     
  
