   5.0044988743935912      -0.19982020679766319     
   5.0232649367777613      -0.19907371253276221     
   5.0552742123622370      -0.19781320616685566     
   5.0976904492880610      -0.19616726632345027     
   5.1467458036238565      -0.19429753054753426     
   5.1980817825830403      -0.19237865847948976     
   5.2471371369188358      -0.19058011519538989     
   5.2895533738446598      -0.18905187816890481     
   5.3215626494291355      -0.18791472841295476     
   5.3403287118133056      -0.18725439087446183     
   5.3493264606004880      -0.18693942262924540     
   5.3680925229846581      -0.18628590988666496     
   5.4001017985691337      -0.18518169421638869     
   5.4425180354949578      -0.18373848161424736     
   5.4915733898307533      -0.18209717489195193     
   5.5429093687899371      -0.18041067126780538     
   5.5919647231257326      -0.17882802369343836     
   5.6343809600515566      -0.17748178674642717     
   5.6663902356360323      -0.17647919723406652     
   5.6851562980202024      -0.17589665922610426     
   5.6941540468073848      -0.17561871206499638     
   5.7129201091915549      -0.17504183165297435     
   5.7449293847760314      -0.17406654338519523     
   5.7873456217018546      -0.17279078620259339     
   5.8364009760376501      -0.17133846767994049     
   5.8877369549968339      -0.16984454428646223     
   5.9367923093326294      -0.16844112913096207     
   5.9792085462584526      -0.16724621532489609     
   6.0112178218429291      -0.16635564200756550     
   6.0299838842270992      -0.16583792248860649     
   6.0389816330142807      -0.16559083315192380     
   6.0577476953984508      -0.16507785571188677     
   6.0897569709829265      -0.16421016549016626     
   6.1321732079087505      -0.16307432391346771     
   6.1812285622445460      -0.16178013641302355     
   6.2325645412037298      -0.16044759639293915     
   6.2816198955395253      -0.15919460531352486     
   6.3240361324653493      -0.15812686377080551     
   6.3560454080498250      -0.15733053114024592     
   6.3748114704339951      -0.15686738417880150     
   6.3838092192211775      -0.15664628526007229     
   6.4025752816053476      -0.15618715220311558     
   6.4345845571898233      -0.15541018866286063     
   6.4770007941156473      -0.15439244671831748     
   6.5260561484514428      -0.15323190258442509     
   6.5773921274106266      -0.15203594078458538     
   6.6264474817464221      -0.15091042413822114     
   6.6688637186722461      -0.14995058261575894     
   6.7008729942567218      -0.14923428646641923     
   6.7196390566408919      -0.14881751706763460     
   6.7286368054280734      -0.14861851351425118     
   6.7474028678122435      -0.14820517161801497     
   6.7794121433967200      -0.14750541475399451     
   6.8218283803225432      -0.14658826699371158     
   6.8708837346583387      -0.14554168555578476     
   6.9222197136175225      -0.14446233164670877     
   6.9712750679533180      -0.14344578147503623     
   7.0136913048791412      -0.14257827391181879     
   7.0457005804636177      -0.14193052750109891     
   7.0644666428477878      -0.14155350298276526     
   7.0734643916349702      -0.14137344088175421     
   7.0922304540191403      -0.14099936634649313     
   7.1242397296036160      -0.14036585487777217     
   7.1666559665294400      -0.13953509205273948     
   7.2157113208652355      -0.13858647547447756     
   7.2670472998244193      -0.13760747092208431     
   7.3161026541602148      -0.13668479616416562     
   7.3585188910860388      -0.13589691278925434     
   7.3905281666705145      -0.13530832674581458     
   7.4092942290546846      -0.13496562143241883     
   7.4182919778418670      -0.13480191976629646     
   7.4370580402260371      -0.13446177165636408     
   7.4690673158105128      -0.13388552515562435     
   7.5114835527363368      -0.13312949339224911     
   7.5605389070721323      -0.13226570384613714     
   7.6118748860313161      -0.13137367796666199     
   7.6609302403671116      -0.13053245084138504     
   7.7033464772929356      -0.12981371186505608     
   7.7353557528774113      -0.12927653645768242     
   7.7541218152615814      -0.12896366910715931     
   7.7631195640487638      -0.12881419534371588     
   7.7818856264329339      -0.12850355916351094     
   7.8138949020174095      -0.12797715000515525     
   7.8563111389432336      -0.12728620115909917     
   7.9053664932790291      -0.12649634913829463     
   7.9567024722382129      -0.12568020527210955     
   8.0057578265740084      -0.12491009866431857     
   8.0481740634998324      -0.12425178582247755     
   8.0801833390843072      -0.12375956807352910     
   8.0989494014684791      -0.12347280498118469     
   8.1079471502556597      -0.12333578172971539     
   8.1267132126398316      -0.12305097692442947     
   8.1587224882243063      -0.12256820861885248     
   8.2011387251501304      -0.12193428662940876     
   8.2501940794859259      -0.12120926978996724     
   8.3015300584451097      -0.12045972163682096     
   8.3505854127809052      -0.11975208330537641     
   8.3930016497067292      -0.11914688471852526     
   8.4250109252912040      -0.11869420809866021     
   8.4437769876753759      -0.11843041348197736     
   8.4527747364625565      -0.11830434752819344     
   8.4715407988467266      -0.11804228106133126     
   8.5035500744312014      -0.11759794335860244     
   8.5459663113570254      -0.11701426890380623     
   8.5950216656928209      -0.11634641992719082     
   8.6463576446520047      -0.11565563687022891     
   8.6954129989878002      -0.11500316317538985     
   8.7378292359136243      -0.11444490078724232     
   8.7698385114980990      -0.11402718518578239     
   8.7886045738822691      -0.11378370611550465     
   8.7976023226694515      -0.11366733381699055     
   8.8163683850536216      -0.11342538745264986     
   8.8483776606380982      -0.11301506766019810     
   8.8907938975639222      -0.11247589490000438     
   8.9398492518997177      -0.11185870945055366     
   8.9911852308589015      -0.11122004211056309     
   9.0402405851946970      -0.11061652514400017     
   9.0826568221205211      -0.11009994317571616     
   9.1146660977049976      -0.10971328947001056     
   9.1334321600891677      -0.10948786638715639     
   9.1424299088763483      -0.10938011119222298     
   9.1611959712605184      -0.10915605376602448     
   9.1932052468449950      -0.10877598978258304     
   9.2356214837708190      -0.10827641667182199     
   9.2846768381066145      -0.10770434097347925     
   9.3360128170657983      -0.10711210659137554     
   9.3850681714015938      -0.10655223614115283     
   9.4274844083274179      -0.10607283520052149     
   9.4594936839118944      -0.10571390323995210     
   9.4782597462960645      -0.10550459965931849     
   9.4872574950832451      -0.10540453872135844     
   9.5060235574674152      -0.10519645716788219     
   9.5380328330518918      -0.10484342185683473     
   9.5804490699777158      -0.10437924075330698     
   9.6295044243135113      -0.10384750408080218     
   9.6808404032726951      -0.10329681704719985     
   9.7298957576084906      -0.10277602401012668     
   9.7723119945343146      -0.10232992976066495     
   9.8043212701187912      -0.10199584167521714     
   9.8230873325029613      -0.10180098844190934     
   9.8320850812901419      -0.10170782613577449     
   9.8508511436743120      -0.10151407075541349     
   9.8828604192587886      -0.10118528012915108     
   9.9252766561846126      -0.10075285905273811     
   9.9743320105204081      -0.10025734043595620     
   10.025667989479592       -9.9743977264093259E-002
   10.074723343815387       -9.9258308727045511E-002
   10.117139580741211       -9.8842166999808953E-002
   10.149148856325688       -9.8530429906614994E-002
   10.167914918709858       -9.8348580608194514E-002
   10.176912667497039       -9.8261627339477312E-002
   10.195678729881209       -9.8080767989405945E-002
   10.227688005465685       -9.7773807674383414E-002
   10.270104242391509       -9.7369995123548880E-002
   10.319159596727305       -9.6907116381565364E-002
   10.370495575686489       -9.6427407224828177E-002
   10.419550930022284       -9.5973425986974017E-002
   10.461967166948108       -9.5584318325834791E-002
   10.493976442532585       -9.5292762040798229E-002
   10.512742504916755       -9.5122657054741447E-002
   10.521740253703936       -9.5041312167725586E-002
   10.540506316088106       -9.4872102915368267E-002
   10.572515591672582       -9.4584868788242571E-002
   10.614931828598406       -9.4206916836322235E-002
   10.663987182934202       -9.3773556067314162E-002
   10.715323161893386       -9.3324296886935998E-002
   10.764378516229181       -9.2899000020514447E-002
   10.806794753155005       -9.2534375163186439E-002
   10.838804028739482       -9.2261101626015543E-002
   10.857570091123652       -9.2101638912515632E-002
   10.866567839910832       -9.2025376800869044E-002
   10.885333902295002       -9.1866727192370795E-002
   10.917343177879479       -9.1597377100518532E-002
   10.959759414805303       -9.1242878803445407E-002
   11.008814769141098       -9.0836299907880044E-002
   11.060150748100282       -9.0414680846168605E-002
   11.109206102436078       -9.0015433216304758E-002
   11.151622339361902       -8.9673051110267438E-002
   11.183631614946378       -8.9416393031361008E-002
   11.202397677330548       -8.9266604239878478E-002
   11.211395426117729       -8.9194962981185205E-002
   11.230161488501899       -8.9045914524368941E-002
   11.262170764086376       -8.8792828749220551E-002
   11.304587001012200       -8.8459666851204835E-002
   11.353642355347995       -8.8077461725660416E-002
   11.404978334307179       -8.7681008300727059E-002
   11.454033688642975       -8.7305487934048132E-002
   11.496449925568799       -8.6983373691380997E-002
   11.528459201153275       -8.6741860516795055E-002
   11.547225263537445       -8.6600891311758660E-002
   11.556223012324626       -8.6533463306610423E-002
   11.574989074708796       -8.6393170096807026E-002
   11.606998350293273       -8.6154918767153366E-002
   11.649414587219097       -8.5841223394790014E-002
   11.698469941554892       -8.5481264216257485E-002
   11.749805920514076       -8.5107788738373311E-002
   11.798861274849871       -8.4753941647875169E-002
   11.841277511775695       -8.4450347439753728E-002
   11.873286787360172       -8.4222677166743767E-002
   11.892052849744342       -8.4089770928111734E-002
   11.901050598531523       -8.4026195143090190E-002
   11.919816660915693       -8.3893907804717768E-002
   11.951825936500169       -8.3669223875329310E-002
   11.994242173425993       -8.3373337434820491E-002
   12.043297527761789       -8.3033737038783181E-002
   12.094633506720973       -8.2681298233989578E-002
   12.143688861056768       -8.2347300844216292E-002
   12.186105097982592       -8.2060674182561397E-002
   12.218114373567069       -8.1845689885128386E-002
   12.236880435951239       -8.1720174127227596E-002
   12.245878184738421       -8.1660129630087494E-002
   12.264644247122591       -8.1535181930336875E-002
   12.296653522707066       -8.1322938647770682E-002
   12.339069759632890       -8.1043386534006584E-002
   12.388125113968686       -8.0722465328705251E-002
   12.439461092927870       -8.0389334596538423E-002
   12.488516447263665       -8.0073562318053251E-002
   12.530932684189489       -7.9802519509319408E-002
   12.562941959773964       -7.9599189680407648E-002
   12.581708022158134       -7.9480464674498985E-002
   12.590705770945315       -7.9423665217213613E-002
   12.609471833329486       -7.9305462847126529E-002
   12.641481108913961       -7.9104654856847756E-002
   12.683897345839785       -7.8840120881930015E-002
   12.732952700175581       -7.8536379074604631E-002
   12.784288679134765       -7.8221012142200744E-002
   12.833344033470560       -7.7922012952501438E-002
   12.875760270396384       -7.7665316765734932E-002
   12.907769545980859       -7.7472718771259275E-002
   12.926535608365031       -7.7360247965655951E-002
   12.935533357152211       -7.7306437422395735E-002
   12.954299419536383       -7.7194448546704098E-002
   12.986308695120858       -7.7004175973093447E-002
   13.028724932046682       -7.6753481650403535E-002
   13.077780286382477       -7.6465575816507009E-002
   13.129116265341661       -7.6166588808403463E-002
   13.178171619677457       -7.5883060932884980E-002
   13.220587856603281       -7.5639601721683686E-002
   13.252597132187756       -7.5456907806486589E-002
   13.271363194571927       -7.5350209721410266E-002
   13.280360943359108       -7.5299158228079158E-002
   13.299127005743280       -7.5192905486814746E-002
   13.331136281327755       -7.5012360454273438E-002
   13.373552518253579       -7.4774447450301540E-002
   13.422607872589374       -7.4501170673556188E-002
   13.473943851548558       -7.4217319815019875E-002
   13.522999205884354       -7.3948092784392336E-002
   13.565415442810178       -7.3716872455241403E-002
   13.597424718394652       -7.3543337853321289E-002
   13.616190780778824       -7.3441979192274631E-002
   13.625188529566005       -7.3393479864887590E-002
   13.643954591950177       -7.3292533573073596E-002
   13.675963867534652       -7.3120988742438719E-002
   13.718380104460476       -7.2894903945317419E-002
   13.767435458796271       -7.2635168909477715E-002
   13.818771437755455       -7.2365333235617016E-002
   13.867826792091250       -7.2109351738535901E-002
   13.910243029017074       -7.1889470077120710E-002
   13.942252304601549       -7.1724422866021195E-002
   13.961018366985721       -7.1628012635865240E-002
   13.970016115772902       -7.1581878768983379E-002
   13.988782178157074       -7.1485851110145965E-002
   14.020791453741548       -7.1322649887438624E-002
   14.063207690667372       -7.1107532648018848E-002
   14.112263045003168       -7.0860357180918432E-002
   14.163599023962352       -7.0603523744789273E-002
   14.212654378298147       -7.0359833806057981E-002
   14.255070615223971       -7.0150476766634259E-002
   14.287079890808446       -6.9993309174630383E-002
   14.305845953192618       -6.9901493646157373E-002
   14.314843701979798       -6.9857556311403959E-002
   14.333609764363969       -6.9766096359493948E-002
   14.365619039948443       -6.9610644499145016E-002
   14.408035276874267       -6.9405715684570685E-002
   14.457090631210063       -6.9170210349321137E-002
   14.508426610169247       -6.8925461517590061E-002
   14.557481964505042       -6.8693198620356333E-002
   14.599898201430866       -6.8493628257078859E-002
   14.631907477015341       -6.8343789186123452E-002
   14.650673539399511       -6.8256247558225722E-002
   14.659671288186694       -6.8214353537779326E-002
   14.678437350570864       -6.8127142972825280E-002
   14.710446626155340       -6.7978901349058207E-002
   14.752862863081164       -6.7783453915408257E-002
   14.801918217416960       -6.7558811318341891E-002
   14.853254196376144       -6.7325313818703603E-002
   14.902309550711939       -6.7103692658982930E-002
   14.944725787637763       -6.6913238436746514E-002
   14.976735063222240       -6.6770227007330818E-002
   14.995501125606410       -6.6686667662769455E-002


   5.0044988743935912       -2.2157176755767654E-003
   5.0232649367777613       -2.1909776987815068E-003
   5.0552742123622370       -2.1496217920997530E-003
   5.0976904492880610       -2.0964081049854783E-003
   5.1467458036238565       -2.0370329438399279E-003
   5.1980817825830403       -1.9772741368479499E-003
   5.2471371369188358       -1.9223345223196415E-003
   5.2895533738446598       -1.8764595148896555E-003
   5.3215626494291355       -1.8428019870719156E-003
   5.3403287118133056       -1.8234432029940733E-003
   5.3493264606004880       -1.8142573909899051E-003
   5.3680925229846581       -1.7952966980714390E-003
   5.4001017985691337       -1.7635605255798680E-003
   5.4425180354949578       -1.7226481389229719E-003
   5.4915733898307533       -1.6768948624970015E-003
   5.5429093687899371       -1.6307330654487199E-003
   5.5919647231257326       -1.5881917691313917E-003
   5.6343809600515566       -1.5525928669111277E-003
   5.6663902356360323       -1.5264295633845898E-003
   5.6851562980202024       -1.5113636861496585E-003
   5.6941540468073848       -1.5042103530582989E-003
   5.7129201091915549       -1.4894356942119764E-003
   5.7449293847760314       -1.4646778891987259E-003
   5.7873456217018546       -1.4327088778185002E-003
   5.8364009760376501       -1.3968856171051578E-003
   5.8877369549968339       -1.3606643720506686E-003
   5.9367923093326294       -1.3272130460165253E-003
   5.9792085462584526       -1.2991673757579822E-003
   6.0112178218429291       -1.2785237915176580E-003
   6.0299838842270992       -1.2666241249261704E-003
   6.0389816330142807       -1.2609709564329016E-003
   6.0577476953984508       -1.2492882830698489E-003
   6.0897569709829265       -1.2296919394406687E-003
   6.1321732079087505       -1.2043507015277574E-003
   6.1812285622445460       -1.1759038215657350E-003
   6.2325645412037298       -1.1470856752985442E-003
   6.2816198955395253       -1.1204210242995241E-003
   6.3240361324653493       -1.0980274114800550E-003
   6.3560454080498250       -1.0815216968337008E-003
   6.3748114704339951       -1.0719984902501898E-003
   6.3838092192211775       -1.0674720465151020E-003
   6.4025752816053476       -1.0581131923207583E-003
   6.4345845571898233       -1.0424006486189834E-003
   6.4770007941156473       -1.0220552161907595E-003
   6.5260561484514428       -9.9918013676984427E-004
   6.5773921274106266       -9.7596671723530596E-004
   6.6264474817464221       -9.5445164118363401E-004
   6.6688637186722461       -9.3635532027802441E-004
   6.7008729942567218       -9.2300074220904140E-004
   6.7196390566408919       -9.1528927372321869E-004
   6.7286368054280734       -9.1162231921193516E-004
   6.7474028678122435       -9.0403716723373414E-004
   6.7794121433967200       -8.9129218612454711E-004
   6.8218283803225432       -8.7476992127044899E-004
   6.8708837346583387       -8.5616685489726192E-004
   6.9222197136175225       -8.3725947392034137E-004
   6.9712750679533180       -8.1970871492224678E-004
   7.0136913048791412       -8.0492657888078247E-004
   7.0457005804636177       -7.9400577391906617E-004
   7.0644666428477878       -7.8769497240909793E-004
   7.0734643916349702       -7.8469284954495676E-004
   7.0922304540191403       -7.7848041801383829E-004
   7.1242397296036160       -7.6803433392034603E-004
   7.1666559665294400       -7.5447792880831924E-004
   7.2157113208652355       -7.3919455608490781E-004
   7.2670472998244193       -7.2363947373959908E-004
   7.3161026541602148       -7.0918058622545946E-004
   7.3585188910860388       -6.9698748892712008E-004
   7.3905281666705145       -6.8797044332007183E-004
   7.4092942290546846       -6.8275625255916712E-004
   7.4182919778418670       -6.8027489120878930E-004
   7.4370580402260371       -6.7513822485886399E-004
   7.4690673158105128       -6.6649529692835465E-004
   7.5114835527363368       -6.5526813323496156E-004
   7.5605389070721323       -6.4259590257683763E-004
   7.6118748860313161       -6.2968201045332690E-004
   7.6609302403671116       -6.1766314267142259E-004
   7.7033464772929356       -6.0751627176199323E-004
   7.7353557528774113       -6.0000564203254348E-004
   7.7541218152615814       -5.9565988293751597E-004
   7.7631195640487638       -5.9359110567526582E-004
   7.7818856264329339       -5.8930710799278720E-004
   7.8138949020174095       -5.8209452320986922E-004
   7.8563111389432336       -5.7271714650264241E-004
   7.9053664932790291       -5.6212148381926575E-004
   7.9567024722382129       -5.5131124910360577E-004
   8.0057578265740084       -5.4123872730124699E-004
   8.0481740634998324       -5.3272628806613667E-004
   8.0801833390843072       -5.2642022311137366E-004
   8.0989494014684791       -5.2276939321734494E-004
   8.1079471502556597       -5.2103090273629643E-004
   8.1267132126398316       -5.1742976520604222E-004
   8.1587224882243063       -5.1136350050500986E-004
   8.2011387251501304       -5.0347015969782105E-004
   8.2501940794859259       -4.9454260779525190E-004
   8.3015300584451097       -4.8542459360904650E-004
   8.3505854127809052       -4.7691989803834564E-004
   8.3930016497067292       -4.6972565914342787E-004
   8.4250109252912040       -4.6439206647130919E-004
   8.4437769876753759       -4.6130264697651140E-004
   8.4527747364625565       -4.5983108216931780E-004
   8.4715407988467266       -4.5678200842543399E-004
   8.5035500744312014       -4.5164311029332336E-004
   8.5459663113570254       -4.4495150547795291E-004
   8.5950216656928209       -4.3737633658840077E-004
   8.6463576446520047       -4.2963200207415952E-004
   8.6954129989878002       -4.2240161253289304E-004
   8.7378292359136243       -4.1628000483440538E-004
   8.7698385114980990       -4.1173844597378219E-004
   8.7886045738822691       -4.0910655290787981E-004
   8.7976023226694515       -4.0785259494632392E-004
   8.8163683850536216       -4.0525373325643523E-004
   8.8483776606380982       -4.0087157100739687E-004
   8.8907938975639222       -3.9516146034624782E-004
   8.9398492518997177       -3.8869201887753435E-004
   8.9911852308589015       -3.8207214403697208E-004
   9.0402405851946970       -3.7588608157058527E-004
   9.0826568221205211       -3.7064444403432320E-004
   9.1146660977049976       -3.6675320630254952E-004
   9.1334321600891677       -3.6449719281875047E-004
   9.1424299088763483       -3.6342206481231439E-004
   9.1611959712605184       -3.6119330328045999E-004
   9.1932052468449950       -3.5743357194525292E-004
   9.2356214837708190       -3.5253142296888485E-004
   9.2846768381066145       -3.4697312136102142E-004
   9.3360128170657983       -3.4128082830103742E-004
   9.3850681714015938       -3.3595717069421203E-004
   9.4274844083274179       -3.3144291623448069E-004
   9.4594936839118944       -3.2808965379247366E-004
   9.4782597462960645       -3.2614474968448620E-004
   9.4872574950832451       -3.2521767895238535E-004
   9.5060235574674152       -3.2329541935784676E-004
   9.5380328330518918       -3.2005142905346736E-004
   9.5804490699777158       -3.1581925917377755E-004
   9.6295044243135113       -3.1101719399184079E-004
   9.6808404032726951       -3.0609555889951032E-004
   9.7298957576084906       -3.0148912244686168E-004
   9.7723119945343146       -2.9758034163855445E-004
   9.8043212701187912       -2.9467521450504534E-004
   9.8230873325029613       -2.9298959296771183E-004
   9.8320850812901419       -2.9218594808560941E-004
   9.8508511436743120       -2.9051926749555927E-004
   9.8828604192587886       -2.8770554023965523E-004
   9.9252766561846126       -2.8403270293657010E-004
   9.9743320105204081       -2.7986252565558777E-004
   10.025667989479592       -2.7558543110743405E-004
   10.074723343815387       -2.7157939890771706E-004
   10.117139580741211       -2.6817789938373077E-004
   10.149148856325688       -2.6564848475103841E-004
   10.167914918709858       -2.6418034275185216E-004
   10.176912667497039       -2.6348025006796093E-004
   10.195678729881209       -2.6202804906631636E-004
   10.227688005465685       -2.5957555759768234E-004
   10.270104242391509       -2.5637262769488608E-004
   10.319159596727305       -2.5273373870713886E-004
   10.370495575686489       -2.4899904320856511E-004
   10.419550930022284       -2.4549870441724743E-004
   10.461967166948108       -2.4252479811600082E-004
   10.493976442532585       -2.4031227515752761E-004
   10.512742504916755       -2.3902764279544746E-004
   10.521740253703936       -2.3841494794885578E-004
   10.540506316088106       -2.3714380912979446E-004
   10.572515591672582       -2.3499639885398837E-004
   10.614931828598406       -2.3219057221386100E-004
   10.663987182934202       -2.2900099359348064E-004
   10.715323161893386       -2.2572537840636017E-004
   10.764378516229181       -2.2265339805520085E-004
   10.806794753155005       -2.2004195769603508E-004
   10.838804028739482       -2.1809821827885510E-004
   10.857570091123652       -2.1696929860361771E-004
   10.866567839910832       -2.1643077920373350E-004
   10.885333902295002       -2.1531334297049986E-004
   10.917343177879479       -2.1342501631697847E-004
   10.959759414805303       -2.1095661475978427E-004
   11.008814769141098       -2.0814908997726270E-004
   11.060150748100282       -2.0526413377357366E-004
   11.109206102436078       -2.0255694477729874E-004
   11.151622339361902       -2.0025439223728627E-004
   11.183631614946378       -1.9853983224005483E-004
   11.202397677330548       -1.9754373130093233E-004
   11.211395426117729       -1.9706849445011096E-004
   11.230161488501899       -1.9608221568745231E-004
   11.262170764086376       -1.9441505191706247E-004
   11.304587001012200       -1.9223484341291137E-004
   11.353642355347995       -1.8975384334862352E-004
   11.404978334307179       -1.8720300515663075E-004
   11.454033688642975       -1.8480803168621470E-004
   11.496449925568799       -1.8277001768869755E-004
   11.528459201153275       -1.8125183375418936E-004
   11.547225263537445       -1.8036958065383328E-004
   11.556223012324626       -1.7994859789350975E-004
   11.574989074708796       -1.7907478591591914E-004
   11.606998350293273       -1.7759733388532248E-004
   11.649414587219097       -1.7566446017694119E-004
   11.698469941554892       -1.7346386524751548E-004
   11.749805920514076       -1.7120014593901078E-004
   11.798861274849871       -1.6907364872333815E-004
   11.841277511775695       -1.6726325032583424E-004
   11.873286787360172       -1.6591411556933410E-004
   11.892052849744342       -1.6512990010069005E-004
   11.901050598531523       -1.6475564550094799E-004
   11.919816660915693       -1.6397871669246905E-004
   11.951825936500169       -1.6266474296676653E-004
   11.994242173425993       -1.6094510402235059E-004
   12.043297527761789       -1.5898639539889821E-004
   12.094633506720973       -1.5697051076186987E-004
   12.143688861056768       -1.5507590189706171E-004
   12.186105097982592       -1.5346221133354977E-004
   12.218114373567069       -1.5225923773720738E-004
   12.236880435951239       -1.5155981273065776E-004
   12.245878184738421       -1.5122597908649463E-004
   12.264644247122591       -1.5053287065973177E-004
   12.296653522707066       -1.4936037698011482E-004
   12.339069759632890       -1.4782536204340421E-004
   12.388125113968686       -1.4607619955186245E-004
   12.439461092927870       -1.4427514241455524E-004
   12.488516447263665       -1.4258165765844091E-004
   12.530932684189489       -1.4113866948729518E-004
   12.562941959773964       -1.4006258901139162E-004
   12.581708022158134       -1.3943679841730327E-004
   12.590705770945315       -1.3913807308899413E-004
   12.609471833329486       -1.3851777991859238E-004
   12.641481108913961       -1.3746822654490287E-004
   12.683897345839785       -1.3609371032767499E-004
   12.732952700175581       -1.3452680646866216E-004
   12.784288679134765       -1.3291270710052917E-004
   12.833344033470560       -1.3139435255589849E-004
   12.875760270396384       -1.3010008000964460E-004
   12.907769545980859       -1.2913459389428137E-004
   12.926535608365031       -1.2857299760919708E-004
   12.935533357152211       -1.2830488426832578E-004
   12.954299419536383       -1.2774809047900562E-004
   12.986308695120858       -1.2680577812323904E-004
   13.028724932046682       -1.2557132141074404E-004
   13.077780286382477       -1.2416354390179759E-004
   13.129116265341661       -1.2271276085161993E-004
   13.178171619677457       -1.2134747185995180E-004
   13.220587856603281       -1.2018324063088430E-004
   13.252597132187756       -1.1931449900428972E-004
   13.271363194571927       -1.1880907268995347E-004
   13.280360943359108       -1.1856774866053291E-004
   13.299127005743280       -1.1806653270875188E-004
   13.331136281327755       -1.1721810753998472E-004
   13.373552518253579       -1.1610631654928651E-004
   13.422607872589374       -1.1483796851109024E-004
   13.473943851548558       -1.1353035876123638E-004
   13.522999205884354       -1.1229932409739765E-004
   13.565415442810178       -1.1124920446377294E-004
   13.597424718394652       -1.1046538762176462E-004
   13.616190780778824       -1.1000928106653930E-004
   13.625188529566005       -1.0979148246072468E-004
   13.643954591950177       -1.0933907961990829E-004
   13.675963867534652       -1.0857313444445173E-004
   13.718380104460476       -1.0756914433198187E-004
   13.767435458796271       -1.0642338352081067E-004
   13.818771437755455       -1.0524171313269529E-004
   13.867826792091250       -1.0412882883489826E-004
   13.910243029017074       -1.0317917637354733E-004
   13.942252304601549       -1.0247015591904352E-004
   13.961018366985721       -1.0205749740485480E-004
   13.970016115772902       -1.0186042610672497E-004
   13.988782178157074       -1.0145103608654265E-004
   14.020791453741548       -1.0075778718244466E-004
   14.063207690667372       -9.9848843278480258E-005
   14.112263045003168       -9.8811210864376442E-005
   14.163599023962352       -9.7740676409789680E-005
   14.212654378298147       -9.6732101928134452E-005
   14.255070615223971       -9.5871184002995787E-005
   14.287079890808446       -9.5228247111692237E-005
   14.305845953192618       -9.4853984162991114E-005
   14.314843701979798       -9.4675232094455360E-005
   14.333609764363969       -9.4303862370537605E-005
   14.365619039948443       -9.3674886207292674E-005
   14.408035276874267       -9.2850002658116613E-005
   14.457090631210063       -9.1908038841610716E-005
   14.508426610169247       -9.0935876732255191E-005
   14.557481964505042       -9.0019672327784734E-005
   14.599898201430866       -8.9237362745918223E-005
   14.631907477015341       -8.8652986631136983E-005
   14.650673539399511       -8.8312755708021460E-005
   14.659671288186694       -8.8150242846958730E-005
   14.678437350570864       -8.7812580413797406E-005
   14.710446626155340       -8.7240598057078942E-005
   14.752862863081164       -8.6490278143170653E-005
   14.801918217416960       -8.5633207014823833E-005
   14.853254196376144       -8.4748372977693620E-005
   14.902309550711939       -8.3914202015560187E-005
   14.944725787637763       -8.3201730168523441E-005
   14.976735063222240       -8.2669396693777291E-005
   14.995501125606410       -8.2359416043217742E-005

   5.0044988743935912       -8.1602610692990019E-002
   5.0232649367777613       -8.1731938691584016E-002
   5.0552742123622370       -8.1943024745651807E-002
   5.0976904492880610       -8.2204861613964661E-002
   5.1467458036238565       -8.2483339257847954E-002
   5.1980817825830403       -8.2748157746686132E-002
   5.2471371369188358       -8.2977070079152199E-002
   5.2895533738446598       -8.3156897529179902E-002
   5.3215626494291355       -8.3281950760557055E-002
   5.3403287118133056       -8.3351139252501566E-002
   5.3493264606004880       -8.3383253163608562E-002
   5.3680925229846581       -8.3448055718142761E-002
   5.4001017985691337       -8.3551940232928959E-002
   5.4425180354949578       -8.3677088944917474E-002
   5.4915733898307533       -8.3804775336699222E-002
   5.5429093687899371       -8.3919742781073989E-002
   5.5919647231257326       -8.4012658714512370E-002
   5.6343809600515566       -8.4080281835954743E-002
   5.6663902356360323       -8.4123824784801612E-002
   5.6851562980202024       -8.4146450581068066E-002
   5.6941540468073848       -8.4156553348116336E-002
   5.7129201091915549       -8.4176093271215890E-002
   5.7449293847760314       -8.4204742498300025E-002
   5.7873456217018546       -8.4233896999127256E-002
   5.8364009760376501       -8.4255603474123281E-002
   5.8877369549968339       -8.4265171641162082E-002
   5.9367923093326294       -8.4262368548532071E-002
   5.9792085462584526       -8.4250975785627125E-002
   6.0112178218429291       -8.4237095987816091E-002
   6.0299838842270992       -8.4226911410961280E-002
   6.0389816330142807       -8.4221502214577068E-002
   6.0577476953984508       -8.4209140609335598E-002
   6.0897569709829265       -8.4184753668212708E-002
   6.1321732079087505       -8.4146223121353420E-002
   6.1812285622445460       -8.4093188384780249E-002
   6.2325645412037298       -8.4028414906219595E-002
   6.2816198955395253       -8.3958095552863765E-002
   6.3240361324653493       -8.3890971279117765E-002
   6.3560454080498250       -8.3836594396894351E-002
   6.3748114704339951       -8.3803272940659146E-002
   6.3838092192211775       -8.3786925942756510E-002
   6.4025752816053476       -8.3752071693766250E-002
   6.4345845571898233       -8.3690297026336583E-002
   6.4770007941156473       -8.3604066097901636E-002
   6.5260561484514428       -8.3498381741939090E-002
   6.5773921274106266       -8.3381271613524197E-002
   6.6264474817464221       -8.3263455040667719E-002
   6.6688637186722461       -8.3157154147003712E-002
   6.7008729942567218       -8.3074329793729099E-002
   6.7196390566408919       -8.3024764176057628E-002
   6.7286368054280734       -8.3000740175184023E-002
   6.7474028678122435       -8.2950103761006602E-002
   6.7794121433967200       -8.2862111371944311E-002
   6.8218283803225432       -8.2742462690460969E-002
   6.8708837346583387       -8.2599940255253176E-002
   6.9222197136175225       -8.2446267717414923E-002
   6.9712750679533180       -8.2295326410216460E-002
   7.0136913048791412       -8.2161750392056074E-002
   7.0457005804636177       -8.2059150470716033E-002
   7.0644666428477878       -8.1998304831883612E-002
   7.0734643916349702       -8.1968953169223618E-002
   7.0922304540191403       -8.1907371211301913E-002
   7.1242397296036160       -8.1801217529147582E-002
   7.1666559665294400       -8.1658462782117108E-002
   7.2157113208652355       -8.1490531416302248E-002
   7.2670472998244193       -8.1311713152047063E-002
   7.3161026541602148       -8.1138062069883971E-002
   7.3585188910860388       -8.0985844663360729E-002
   7.3905281666705145       -8.0869765462374871E-002
   7.4092942290546846       -8.0801246113589020E-002
   7.4182919778418670       -8.0768274047869126E-002
   7.4370580402260371       -8.0699262373377711E-002
   7.4690673158105128       -8.0580806971862345E-002
   7.5114835527363368       -8.0422451910686296E-002
   7.5605389070721323       -8.0237438535027489E-002
   7.6118748860313161       -8.0041800608929681E-002
   7.6609302403671116       -7.9853042480037051E-002
   7.7033464772929356       -7.9688491385741050E-002
   7.7353557528774113       -7.9563535890101594E-002
   7.7541218152615814       -7.9489980410523783E-002
   7.7631195640487638       -7.9454636883211749E-002
   7.7818856264329339       -7.9380768072202984E-002
   7.8138949020174095       -7.9254300228865010E-002
   7.8563111389432336       -7.9085842329780401E-002
   7.9053664932790291       -7.8889850024462485E-002
   7.9567024722382129       -7.8683499212062719E-002
   8.0057578265740084       -7.8485214002368658E-002
   8.0481740634998324       -7.8312961361647754E-002
   8.0801833390843072       -7.8182511322290593E-002
   8.0989494014684791       -7.8105858062786748E-002
   8.1079471502556597       -7.8069061058006262E-002
   8.1267132126398316       -7.7992226262365238E-002
   8.1587224882243063       -7.7860899933849689E-002
   8.2011387251501304       -7.7686383034102954E-002
   8.2501940794859259       -7.7483902980445080E-002
   8.3015300584451097       -7.7271335056079832E-002
   8.3505854127809052       -7.7067632239115974E-002
   8.3930016497067292       -7.6891090510585569E-002
   8.4250109252912040       -7.6757637776972476E-002
   8.4437769876753759       -7.6679315206732934E-002
   8.4527747364625565       -7.6641741279792841E-002
   8.4715407988467266       -7.6563334369888603E-002
   8.5035500744312014       -7.6429474425327673E-002
   8.5459663113570254       -7.6251879756524032E-002
   8.5950216656928209       -7.6046223418150219E-002
   8.6463576446520047       -7.5830753559660596E-002
   8.6954129989878002       -7.5624663605768472E-002
   8.7378292359136243       -7.5446349259637724E-002
   8.7698385114980990       -7.5311731355464165E-002
   8.7886045738822691       -7.5232792807749305E-002
   8.7976023226694515       -7.5194940827986140E-002
   8.8163683850536216       -7.5115989565717550E-002
   8.8483776606380982       -7.4981310118186359E-002
   8.8907938975639222       -7.4802835453977742E-002
   8.9398492518997177       -7.4596443579330068E-002
   8.9911852308589015       -7.4380514619446295E-002
   9.0402405851946970       -7.4174269842491453E-002
   9.0826568221205211       -7.3996035919588421E-002
   9.1146660977049976       -7.3861605496129551E-002
   9.1334321600891677       -7.3782826171761740E-002
   9.1424299088763483       -7.3745063231273236E-002
   9.1611959712605184       -7.3666323784601501E-002
   9.1932052468449950       -7.3532085631348748E-002
   9.2356214837708190       -7.3354346815396904E-002
   9.2846768381066145       -7.3149012832481375E-002
   9.3360128170657983       -7.2934418449530553E-002
   9.3850681714015938       -7.2729656660114134E-002
   9.4274844083274179       -7.2552861637078553E-002
   9.4594936839118944       -7.2419609649596373E-002
   9.4782597462960645       -7.2341557180906568E-002
   9.4872574950832451       -7.2304152003562411E-002
   9.5060235574674152       -7.2226177754425525E-002
   9.5380328330518918       -7.2093303077855025E-002
   9.5804490699777158       -7.1917480997478161E-002
   9.6295044243135113       -7.1714514141315897E-002
   9.6808404032726951       -7.1502562061274588E-002
   9.7298957576084906       -7.1300475683932010E-002
   9.7723119945343146       -7.1126107268514094E-002
   9.8043212701187912       -7.0994753365283117E-002
   9.8230873325029613       -7.0917839631387189E-002
   9.8320850812901419       -7.0880987113948066E-002
   9.8508511436743120       -7.0804179220202421E-002
   9.8828604192587886       -7.0673335927832565E-002
   9.9252766561846126       -7.0500284685738768E-002
   9.9743320105204081       -7.0300630196284603E-002
   10.025667989479592       -7.0092262594287733E-002
   10.074723343815387       -6.9893708811960761E-002
   10.117139580741211       -6.9722475483695839E-002
   10.149148856325688       -6.9593534903129139E-002
   10.167914918709858       -6.9518054401329146E-002
   10.176912667497039       -6.9481893793049074E-002
   10.195678729881209       -6.9406538655810299E-002
   10.227688005465685       -6.9278202914133058E-002
   10.270104242391509       -6.9108530100155108E-002
   10.319159596727305       -6.8912858509942762E-002
   10.370495575686489       -6.8708741548494892E-002
   10.419550930022284       -6.8514324302565516E-002
   10.461967166948108       -6.8346723529654124E-002
   10.493976442532585       -6.8220556991945389E-002
   10.512742504916755       -6.8146715470244076E-002
   10.521740253703936       -6.8111343942310179E-002
   10.540506316088106       -6.8037641179990088E-002
   10.572515591672582       -6.7912144128147264E-002
   10.614931828598406       -6.7746270828787619E-002
   10.663987182934202       -6.7555044773944598E-002
   10.715323161893386       -6.7355635668008493E-002
   10.764378516229181       -6.7165767137287724E-002
   10.806794753155005       -6.7002136566641626E-002
   10.838804028739482       -6.6878987738902759E-002
   10.857570091123652       -6.6806923707250540E-002
   10.866567839910832       -6.6772406549964261E-002
   10.885333902295002       -6.6700490025623282E-002
   10.917343177879479       -6.6578052905187438E-002
   10.959759414805303       -6.6416258862657854E-002
   11.008814769141098       -6.6229783401392864E-002
   11.060150748100282       -6.6035380972859270E-002
   11.109206102436078       -6.5850327957441085E-002
   11.151622339361902       -6.5690884065934721E-002
   11.183631614946378       -6.5570907868057304E-002
   11.202397677330548       -6.5500708857489112E-002
   11.211395426117729       -6.5467087189500561E-002
   11.230161488501899       -6.5397040911468529E-002
   11.262170764086376       -6.5277801642064315E-002
   11.304587001012200       -6.5120259437382547E-002
   11.353642355347995       -6.4938720166001482E-002
   11.404978334307179       -6.4749503168252759E-002
   11.454033688642975       -6.4569422279243366E-002
   11.496449925568799       -6.4414289717028964E-002
   11.528459201153275       -6.4297573822721277E-002
   11.547225263537445       -6.4229288740292961E-002
   11.556223012324626       -6.4196585367836970E-002
   11.574989074708796       -6.4128455577026636E-002
   11.606998350293273       -6.4012488965802555E-002
   11.649414587219097       -6.3859290026883342E-002
   11.698469941554892       -6.3682782098431950E-002
   11.749805920514076       -6.3498838413459657E-002
   11.798861274849871       -6.3323802899578341E-002
   11.841277511775695       -6.3173036872913119E-002
   11.873286787360172       -6.3059618118231089E-002
   11.892052849744342       -6.2993266678684337E-002
   11.901050598531523       -6.2961490569244286E-002
   11.919816660915693       -6.2895294969664922E-002
   11.951825936500169       -6.2782628149063074E-002
   11.994242173425993       -6.2633802626806359E-002
   12.043297527761789       -6.2462352939771398E-002
   12.094633506720973       -6.2283701916151964E-002
   12.143688861056768       -6.2113722199562335E-002
   12.186105097982592       -6.1967325613435327E-002
   12.218114373567069       -6.1857202568767047E-002
   12.236880435951239       -6.1792782522854542E-002
   12.245878184738421       -6.1761932234220600E-002
   12.264644247122591       -6.1697667069158829E-002
   12.296653522707066       -6.1588291334654155E-002
   12.339069759632890       -6.1443823349620369E-002
   12.388125113968686       -6.1277407576100812E-002
   12.439461092927870       -6.1104017179799297E-002
   12.488516447263665       -6.0939056630445097E-002
   12.530932684189489       -6.0796993261770557E-002
   12.562941959773964       -6.0690135895813208E-002
   12.581708022158134       -6.0627628587831481E-002
   12.590705770945315       -6.0597694904850702E-002
   12.609471833329486       -6.0535340398663678E-002
   12.641481108913961       -6.0429220314188112E-002
   12.683897345839785       -6.0289059687541176E-002
   12.732952700175581       -6.0127615379428387E-002
   12.784288679134765       -5.9959415399188802E-002
   12.833344033470560       -5.9799402484611817E-002
   12.875760270396384       -5.9661607131673851E-002
   12.907769545980859       -5.9557964258937272E-002
   12.926535608365031       -5.9497338910291984E-002
   12.935533357152211       -5.9468306877360953E-002
   12.954299419536383       -5.9407831430535324E-002
   12.986308695120858       -5.9304911848856535E-002
   13.028724932046682       -5.9168983148943165E-002
   13.077780286382477       -5.9012419847527524E-002
   13.129116265341661       -5.8849312083592488E-002
   13.178171619677457       -5.8694149745441140E-002
   13.220587856603281       -5.8560536062211135E-002
   13.252597132187756       -5.8460041092599731E-002
   13.271363194571927       -5.8401258109109323E-002
   13.280360943359108       -5.8373108599526283E-002
   13.299127005743280       -5.8314472027980194E-002
   13.331136281327755       -5.8214683512116672E-002
   13.373552518253579       -5.8082893041449882E-002
   13.422607872589374       -5.7931100086488038E-002
   13.473943851548558       -5.7772966221825608E-002
   13.522999205884354       -5.7622539120447083E-002
   13.565415442810178       -5.7493005670165534E-002
   13.597424718394652       -5.7395581051952305E-002
   13.616190780778824       -5.7338594579647933E-002
   13.625188529566005       -5.7311305508388796E-002
   13.643954591950177       -5.7254461546803560E-002
   13.675963867534652       -5.7157724559793566E-002
   13.718380104460476       -5.7029965754863701E-002
   13.767435458796271       -5.6882818319832412E-002
   13.818771437755455       -5.6729526003427497E-002
   13.867826792091250       -5.6583706116744806E-002
   13.910243029017074       -5.6458141050167082E-002
   13.942252304601549       -5.6363701703400999E-002
   13.961018366985721       -5.6308461603505153E-002
   13.970016115772902       -5.6282008864367537E-002
   13.988782178157074       -5.6226907100530535E-002
   14.020791453741548       -5.6133135242738309E-002
   14.063207690667372       -5.6009292845936913E-002
   14.112263045003168       -5.5866656600348570E-002
   14.163599023962352       -5.5718064145908769E-002
   14.212654378298147       -5.5576715093200675E-002
   14.255070615223971       -5.5454999760750190E-002
   14.287079890808446       -5.5363455727812323E-002
   14.305845953192618       -5.5309909101219155E-002
   14.314843701979798       -5.5284267290151470E-002
   14.333609764363969       -5.5230854657861699E-002
   14.365619039948443       -5.5139957165159931E-002
   14.408035276874267       -5.5019910443517658E-002
   14.457090631210063       -5.4881645149005023E-002
   14.508426610169247       -5.4737605157907973E-002
   14.557481964505042       -5.4600585532463317E-002
   14.599898201430866       -5.4482597267393344E-002
   14.631907477015341       -5.4393855754619871E-002
   14.650673539399511       -5.4341948115886232E-002
   14.659671288186694       -5.4317091087949070E-002
   14.678437350570864       -5.4265313016405449E-002
   14.710446626155340       -5.4177196683070368E-002
   14.752862863081164       -5.4060821904877279E-002
   14.801918217416960       -5.3926784180855149E-002
   14.853254196376144       -5.3787146326935917E-002
   14.902309550711939       -5.3654312256204845E-002
   14.944725787637763       -5.3539926511417549E-002
   14.976735063222240       -5.3453893455830633E-002
   14.995501125606410       -5.3403569633781713E-002


   5.0044988743935912       -1.1345527972608087E-002
   5.0232649367777613       -1.1260916394686585E-002
   5.0552742123622370       -1.1118762837764995E-002
   5.0976904492880610       -1.0934501356636284E-002
   5.1467458036238565       -1.0727053942327680E-002
   5.1980817825830403       -1.0516220570951838E-002
   5.2471371369188358       -1.0320507955589045E-002
   5.2895533738446598       -1.0155653979721426E-002
   5.3215626494291355       -1.0033848606918382E-002
   5.3403287118133056       -9.9634540672987985E-003
   5.3493264606004880       -9.9299645200194471E-003
   5.3680925229846581       -9.8606584813610444E-003
   5.4001017985691337       -9.7441062067720671E-003
   5.4425180354949578       -9.5928167643980055E-003
   5.4915733898307533       -9.4222000073082325E-003
   5.5429093687899371       -9.2484796986074813E-003
   5.5919647231257326       -9.0869273674280202E-003
   5.6343809600515566       -8.9506275769256939E-003
   5.6663902356360323       -8.8497895234274197E-003
   5.6851562980202024       -8.7914616270699068E-003
   5.6941540468073848       -8.7636995173548150E-003
   5.7129201091915549       -8.7062192741086241E-003
   5.7449293847760314       -8.6094719035970518E-003
   5.7873456217018546       -8.4837344094242460E-003
   5.8364009760376501       -8.3417209941373961E-003
   5.8877369549968339       -8.1968899607197665E-003
   5.9367923093326294       -8.0619888049687748E-003
   5.9792085462584526       -7.9480117449924805E-003
   6.0112178218429291       -7.8635919988953897E-003
   6.0299838842270992       -7.8147232009670095E-003
   6.0389816330142807       -7.7914535380322718E-003
   6.0577476953984508       -7.7432546252511510E-003
   6.0897569709829265       -7.6620676169297415E-003
   6.1321732079087505       -7.5564371770806115E-003
   6.1812285622445460       -7.4369745838861415E-003
   6.2325645412037298       -7.3149663672014802E-003
   6.2816198955395253       -7.2011622444972485E-003
   6.3240361324653493       -7.1048876940975067E-003
   6.3560454080498250       -7.0335069407735139E-003
   6.3748114704339951       -6.9921576541745294E-003
   6.3838092192211775       -6.9724611567968829E-003
   6.4025752816053476       -6.9316482401691575E-003
   6.4345845571898233       -6.8628558680594491E-003
   6.4770007941156473       -6.7732639810006599E-003
   6.5260561484514428       -6.6718195357556211E-003
   6.5773921274106266       -6.5680800073592760E-003
   6.6264474817464221       -6.4711934396236015E-003
   6.6688637186722461       -6.3891372510429846E-003
   6.7008729942567218       -6.3282427403635981E-003
   6.7196390566408919       -6.2929460910304356E-003
   6.7286368054280734       -6.2761270856106621E-003
   6.7474028678122435       -6.2412649584336986E-003
   6.7794121433967200       -6.1824673119991874E-003
   6.8218283803225432       -6.1058245924073967E-003
   6.8708837346583387       -6.0189495521705688E-003
   6.9222197136175225       -5.9300061402239104E-003
   6.9712750679533180       -5.8468434319648042E-003
   7.0136913048791412       -5.7763381372152416E-003
   7.0457005804636177       -5.7239724721138939E-003
   7.0644666428477878       -5.6936025208281183E-003
   7.0734643916349702       -5.6791267224868642E-003
   7.0922304540191403       -5.6491125123239823E-003
   7.1242397296036160       -5.5984635212443920E-003
   7.1666559665294400       -5.5323900193622036E-003
   7.2157113208652355       -5.4574228209151874E-003
   7.2670472998244193       -5.3805903554341008E-003
   7.3161026541602148       -5.3086772395746573E-003
   7.3585188910860388       -5.2476526946739635E-003
   7.3905281666705145       -5.2022946903358359E-003
   7.4092942290546846       -5.1759755968619550E-003
   7.4182919778418670       -5.1634271869855372E-003
   7.4370580402260371       -5.1374021257412708E-003
   7.4690673158105128       -5.0934629982630451E-003
   7.5114835527363368       -5.0361013484093581E-003
   7.5605389070721323       -4.9709614756648030E-003
   7.6118748860313161       -4.9041372951362724E-003
   7.6609302403671116       -4.8415328988146104E-003
   7.7033464772929356       -4.7883627004726721E-003
   7.7353557528774113       -4.7488157416378995E-003
   7.7541218152615814       -4.7258579555012640E-003
   7.7631195640487638       -4.7149094083387627E-003
   7.7818856264329339       -4.6921967643921772E-003
   7.8138949020174095       -4.6538327500224861E-003
   7.8563111389432336       -4.6037163040734347E-003
   7.9053664932790291       -4.5467584794966235E-003
   7.9567024722382129       -4.4882771374745332E-003
   8.0057578265740084       -4.4334417375252524E-003
   8.0481740634998324       -4.3868338052010418E-003
   8.0801833390843072       -4.3521461665961703E-003
   8.0989494014684791       -4.3320008315296367E-003
   8.1079471502556597       -4.3223913393718389E-003
   8.1267132126398316       -4.3024520085279865E-003
   8.1587224882243063       -4.2687584454397876E-003
   8.2011387251501304       -4.2247166500262584E-003
   8.2501940794859259       -4.1746259891991535E-003
   8.3015300584451097       -4.1231545430112978E-003
   8.3505854127809052       -4.0748540460704211E-003
   8.3930016497067292       -4.0337714308723528E-003
   8.4250109252912040       -4.0031785159648616E-003
   8.4437769876753759       -3.9854043806518075E-003
   8.4527747364625565       -3.9769241874064963E-003
   8.4715407988467266       -3.9593244264986890E-003
   8.5035500744312014       -3.9295729519117526E-003
   8.5459663113570254       -3.8906624167732735E-003
   8.5950216656928209       -3.8463779045359164E-003
   8.6463576446520047       -3.8008393318104319E-003
   8.6954129989878002       -3.7580752710024584E-003
   8.7378292359136243       -3.7216780128181094E-003
   8.7698385114980990       -3.6945598823509341E-003
   8.7886045738822691       -3.6787989458008491E-003
   8.7976023226694515       -3.6712778098003046E-003
   8.8163683850536216       -3.6556654619961035E-003
   8.8483776606380982       -3.6292643397413094E-003
   8.8907938975639222       -3.5947179247192000E-003
   8.9398492518997177       -3.5553757963094003E-003
   8.9911852308589015       -3.5148922251320510E-003
   9.0402405851946970       -3.4768497712482950E-003
   9.0826568221205211       -3.4444516457180266E-003
   9.1146660977049976       -3.4203013800439947E-003
   9.1334321600891677       -3.4062607328284372E-003
   9.1424299088763483       -3.3995593204347806E-003
   9.1611959712605184       -3.3856460712614095E-003
   9.1932052468449950       -3.3621105560479245E-003
   9.2356214837708190       -3.3312992886816877E-003
   9.2846768381066145       -3.2961906118277964E-003
   9.3360128170657983       -3.2600407160304646E-003
   9.3850681714015938       -3.2260495940452400E-003
   9.4274844083274179       -3.1970855461552644E-003
   9.4594936839118944       -3.1754853947131663E-003
   9.4782597462960645       -3.1629235181723108E-003
   9.4872574950832451       -3.1569269072728666E-003
   9.5060235574674152       -3.1444748845427467E-003
   9.5380328330518918       -3.1234048227900850E-003
   9.5804490699777158       -3.0958090802725075E-003
   9.6295044243135113       -3.0643476091485248E-003
   9.6808404032726951       -3.0319342691260188E-003
   9.7298957576084906       -3.0014390449366805E-003
   9.7723119945343146       -2.9754403951016443E-003
   9.8043212701187912       -2.9560435973395912E-003
   9.8230873325029613       -2.9447599125906592E-003
   9.8320850812901419       -2.9393726349536491E-003
   9.8508511436743120       -2.9281841785308220E-003
   9.8828604192587886       -2.9092468947145666E-003
   9.9252766561846126       -2.8844343614551553E-003
   9.9743320105204081       -2.8561319152889415E-003
   10.025667989479592       -2.8269574120905450E-003
   10.074723343815387       -2.7994946675184620E-003
   10.117139580741211       -2.7760700403864562E-003
   10.149148856325688       -2.7585868277535705E-003
   10.167914918709858       -2.7484136425579586E-003
   10.176912667497039       -2.7435558621638494E-003
   10.195678729881209       -2.7334656347720388E-003
   10.227688005465685       -2.7163827246148228E-003
   10.270104242391509       -2.6939913642414323E-003
   10.319159596727305       -2.6684387830740544E-003
   10.370495575686489       -2.6420855851532299E-003
   10.419550930022284       -2.6172662150134008E-003
   10.461967166948108       -2.5960867298575989E-003
   10.493976442532585       -2.5802734450089647E-003
   10.512742504916755       -2.5710696897986280E-003
   10.521740253703936       -2.5666742291460235E-003
   10.540506316088106       -2.5575430754533599E-003
   10.572515591672582       -2.5420801190162334E-003
   10.614931828598406       -2.5218048983571429E-003
   10.663987182934202       -2.4986571776435948E-003
   10.715323161893386       -2.4747729244216040E-003
   10.764378516229181       -2.4522682830393646E-003
   10.806794753155005       -2.4330559512487902E-003
   10.838804028739482       -2.4187065157053379E-003
   10.857570091123652       -2.4103528285303634E-003
   10.866567839910832       -2.4063628345229369E-003
   10.885333902295002       -2.3980729593855005E-003
   10.917343177879479       -2.3840314389736040E-003
   10.959759414805303       -2.3656138881721035E-003
   11.008814769141098       -2.3445784762797842E-003
   11.060150748100282       -2.3228641426943138E-003
   11.109206102436078       -2.3023951121994204E-003
   11.151622339361902       -2.2849136720704010E-003
   11.183631614946378       -2.2718528404541932E-003
   11.202397677330548       -2.2642476788246723E-003
   11.211395426117729       -2.2606147757356079E-003
   11.230161488501899       -2.2530659274315611E-003
   11.262170764086376       -2.2402768263640985E-003
   11.304587001012200       -2.2234967632963815E-003
   11.353642355347995       -2.2043242755904412E-003
   11.404978334307179       -2.1845247702529311E-003
   11.454033688642975       -2.1658530670942851E-003
   11.496449925568799       -2.1499006879119953E-003
   11.528459201153275       -2.1379786737018634E-003
   11.547225263537445       -2.1310352152663207E-003
   11.556223012324626       -2.1277180319960272E-003
   11.574989074708796       -2.1208244580118276E-003
   11.606998350293273       -2.1091431523216761E-003
   11.649414587219097       -2.0938120733537536E-003
   11.698469941554892       -2.0762888689670224E-003
   11.749805920514076       -2.0581855104372369E-003
   11.798861274849871       -2.0411067213363149E-003
   11.841277511775695       -2.0265101534224579E-003
   11.873286787360172       -2.0155983165780446E-003
   11.892052849744342       -2.0092419709100149E-003
   11.901050598531523       -2.0062049583026501E-003
   11.919816660915693       -1.9998929600050824E-003
   11.951825936500169       -1.9891951130213007E-003
   11.994242173425993       -1.9751508774146537E-003
   12.043297527761789       -1.9590930836330101E-003
   12.094633506720973       -1.9424975379898613E-003
   12.143688861056768       -1.9268355030509134E-003
   12.186105097982592       -1.9134453553219159E-003
   12.218114373567069       -1.9034327186058407E-003
   12.236880435951239       -1.8975991161791887E-003
   12.245878184738421       -1.8948115909039583E-003
   12.264644247122591       -1.8890175461454153E-003
   12.296653522707066       -1.8791957871069208E-003
   12.339069759632890       -1.8662983135957724E-003
   12.388125113968686       -1.8515469840107435E-003
   12.439461092927870       -1.8362963481479220E-003
   12.488516447263665       -1.8218986013397525E-003
   12.530932684189489       -1.8095855046995940E-003
   12.562941959773964       -1.8003759215828338E-003
   12.581708022158134       -1.7950092781481223E-003
   12.590705770945315       -1.7924446448693261E-003
   12.609471833329486       -1.7871133989264449E-003
   12.641481108913961       -1.7780746190705866E-003
   12.683897345839785       -1.7662023802021058E-003
   12.732952700175581       -1.7526195473030577E-003
   12.784288679134765       -1.7385723370216210E-003
   12.833344033470560       -1.7253063825290913E-003
   12.875760270396384       -1.7139578541710389E-003
   12.907769545980859       -1.7054676926798133E-003
   12.926535608365031       -1.7005194710430441E-003
   12.935533357152211       -1.6981545858737359E-003
   12.954299419536383       -1.6932381343486929E-003
   12.986308695120858       -1.6849012726898296E-003
   13.028724932046682       -1.6739484222906397E-003
   13.077780286382477       -1.6614138605366095E-003
   13.129116265341661       -1.6484467180371569E-003
   13.178171619677457       -1.6361969718441821E-003
   13.220587856603281       -1.6257148378571828E-003
   13.252597132187756       -1.6178710756772003E-003
   13.271363194571927       -1.6132988846507231E-003
   13.280360943359108       -1.6111135313062375E-003
   13.299127005743280       -1.6065699359822730E-003
   13.331136281327755       -1.5988641559925886E-003
   13.373552518253579       -1.5887381623834399E-003
   13.422607872589374       -1.5771467192880824E-003
   13.473943851548558       -1.5651516963310177E-003
   13.522999205884354       -1.5538169606070205E-003
   13.565415442810178       -1.5441152261101915E-003
   13.597424718394652       -1.5368538755660710E-003
   13.616190780778824       -1.5326205592438916E-003
   13.625188529566005       -1.5305970156561377E-003
   13.643954591950177       -1.5263895073839089E-003
   13.675963867534652       -1.5192526876551624E-003
   13.718380104460476       -1.5098723733560685E-003
   13.767435458796271       -1.4991317574688232E-003
   13.818771437755455       -1.4880140619872115E-003
   13.867826792091250       -1.4775054287839606E-003
   13.910243029017074       -1.4685085089391639E-003
   13.942252304601549       -1.4617733081452847E-003
   13.961018366985721       -1.4578461888135840E-003
   13.970016115772902       -1.4559688667847126E-003
   13.988782178157074       -1.4520650994149121E-003
   14.020791453741548       -1.4454425779979862E-003
   14.063207690667372       -1.4367364880546092E-003
   14.112263045003168       -1.4267654265895024E-003
   14.163599023962352       -1.4164415445599877E-003
   14.212654378298147       -1.4066806474032096E-003
   14.255070615223971       -1.3983218910822394E-003
   14.287079890808446       -1.3920632110737267E-003
   14.305845953192618       -1.3884134568361722E-003
   14.314843701979798       -1.3866686009956469E-003
   14.333609764363969       -1.3830400279785382E-003
   14.365619039948443       -1.3768835528205590E-003
   14.408035276874267       -1.3687885902703169E-003
   14.457090631210063       -1.3595152874387563E-003
   14.508426610169247       -1.3499114102569114E-003
   14.557481964505042       -1.3408289591832234E-003
   14.599898201430866       -1.3330494112396651E-003
   14.631907477015341       -1.3272233392936084E-003
   14.650673539399511       -1.3238254334742407E-003
   14.659671288186694       -1.3222008686424635E-003
   14.678437350570864       -1.3188222197753918E-003
   14.710446626155340       -1.3130890674831073E-003
   14.752862863081164       -1.3055493471230330E-003
   14.801918217416960       -1.2969101883623165E-003
   14.853254196376144       -1.2879608902230410E-003
   14.902309550711939       -1.2794954389396993E-003
   14.944725787637763       -1.2722427980113953E-003
   14.976735063222240       -1.2668103654288740E-003
   14.995501125606410       -1.2636416594541682E-003

   5.0044988743935912       -1.6045001231974849E-002
   5.0232649367777613       -1.5925342378260196E-002
   5.0552742123622370       -1.5724306868811599E-002
   5.0976904492880610       -1.5463721755553444E-002
   5.1467458036238565       -1.5170346777660158E-002
   5.1980817825830403       -1.4872183332853176E-002
   5.2471371369188358       -1.4595403868539964E-002
   5.2895533738446598       -1.4362265115343284E-002
   5.3215626494291355       -1.4190006286895240E-002
   5.3403287118133056       -1.4090453363695238E-002
   5.3493264606004880       -1.4043091986714565E-002
   5.3680925229846581       -1.3945078436499701E-002
   5.4001017985691337       -1.3780248611577967E-002
   5.4425180354949578       -1.3566293007648625E-002
   5.4915733898307533       -1.3325004450226677E-002
   5.5429093687899371       -1.3079326807559700E-002
   5.5919647231257326       -1.2850857285554107E-002
   5.6343809600515566       -1.2658100252844150E-002
   5.6663902356360323       -1.2515493694866767E-002
   5.6851562980202024       -1.2433005584029237E-002
   5.6941540468073848       -1.2393744027788195E-002
   5.7129201091915549       -1.2312454679603959E-002
   5.7449293847760314       -1.2175633221598979E-002
   5.7873456217018546       -1.1997813533191447E-002
   5.8364009760376501       -1.1796976213964369E-002
   5.8877369549968339       -1.1592154180540755E-002
   5.9367923093326294       -1.1401375116274615E-002
   5.9792085462584526       -1.1240187195170217E-002
   6.0112178218429291       -1.1120799632652096E-002
   6.0299838842270992       -1.1051688708518897E-002
   6.0389816330142807       -1.1018780432116343E-002
   6.0577476953984508       -1.0950616868744056E-002
   6.0897569709829265       -1.0835801088316525E-002
   6.1321732079087505       -1.0686417071847195E-002
   6.1812285622445460       -1.0517471434446457E-002
   6.2325645412037298       -1.0344925741399575E-002
   6.2816198955395253       -1.0183982390556691E-002
   6.3240361324653493       -1.0047829601237308E-002
   6.3560454080498250       -9.9468819610932877E-003
   6.3748114704339951       -9.8884052329918024E-003
   6.3838092192211775       -9.8605501763163513E-003
   6.4025752816053476       -9.8028319899830796E-003
   6.4345845571898233       -9.7055448740449215E-003
   6.4770007941156473       -9.5788427988568962E-003
   6.5260561484514428       -9.4353786733562227E-003
   6.5773921274106266       -9.2886688097921378E-003
   6.6264474817464221       -9.1516504971641214E-003
   6.6688637186722461       -9.0356055100955738E-003
   6.7008729942567218       -8.9494876580899028E-003
   6.7196390566408919       -8.8995706526052310E-003
   6.7286368054280734       -8.8757849845135916E-003
   6.7474028678122435       -8.8264824862205084E-003
   6.7794121433967200       -8.7433300483827393E-003
   6.8218283803225432       -8.6349408633892184E-003
   6.8708837346583387       -8.5120809902309909E-003
   6.9222197136175225       -8.3862959974386163E-003
   6.9712750679533180       -8.2686861550678344E-003
   7.0136913048791412       -8.1689766004443120E-003
   7.0457005804636177       -8.0949203588050640E-003
   7.0644666428477878       -8.0519707572552952E-003
   7.0734643916349702       -8.0314988847448206E-003
   7.0922304540191403       -7.9890523771690720E-003
   7.1242397296036160       -7.9174238794709161E-003
   7.1666559665294400       -7.8239818270904402E-003
   7.2157113208652355       -7.7179621870750821E-003
   7.2670472998244193       -7.6093046608430694E-003
   7.3161026541602148       -7.5076041463015076E-003
   7.3585188910860388       -7.4213023981169980E-003
   7.3905281666705145       -7.3571564864201378E-003
   7.4092942290546846       -7.3199356635344666E-003
   7.4182919778418670       -7.3021895302198634E-003
   7.4370580402260371       -7.2653845317451667E-003
   7.4690673158105128       -7.2032452151596232E-003
   7.5114835527363368       -7.1221235833772521E-003
   7.5605389070721323       -7.0300018821254050E-003
   7.6118748860313161       -6.9354982097097513E-003
   7.6609302403671116       -6.8469622139823352E-003
   7.7033464772929356       -6.7717681904022557E-003
   7.7353557528774113       -6.7158403389389514E-003
   7.7541218152615814       -6.6833731229808159E-003
   7.7631195640487638       -6.6678895374540081E-003
   7.7818856264329339       -6.6357690049425010E-003
   7.8138949020174095       -6.5815140897625872E-003
   7.8563111389432336       -6.5106387246904518E-003
   7.9053664932790291       -6.4300881881520040E-003
   7.9567024722382129       -6.3473830723515369E-003
   8.0057578265740084       -6.2698340978246348E-003
   8.0481740634998324       -6.2039205208304872E-003
   8.0801833390843072       -6.1548647866686941E-003
   8.0989494014684791       -6.1263749775790268E-003
   8.1079471502556597       -6.1127851020013743E-003
   8.1267132126398316       -6.0845866269082123E-003
   8.1587224882243063       -6.0369367279731424E-003
   8.2011387251501304       -5.9746522169856816E-003
   8.2501940794859259       -5.9038133175865750E-003
   8.3015300584451097       -5.8310216925965726E-003
   8.3505854127809052       -5.7627144675126071E-003
   8.3930016497067292       -5.7046148697629728E-003
   8.4250109252912040       -5.6613499500020323E-003
   8.4437769876753759       -5.6362135241183027E-003
   8.4527747364625565       -5.6242207185479573E-003
   8.4715407988467266       -5.5993308953391991E-003
   8.5035500744312014       -5.5572559520176571E-003
   8.5459663113570254       -5.5022281396724746E-003
   8.5950216656928209       -5.4396003752245530E-003
   8.6463576446520047       -5.3751991012382875E-003
   8.6954129989878002       -5.3147215800506643E-003
   8.7378292359136243       -5.2632480784367821E-003
   8.7698385114980990       -5.2248972464785702E-003
   8.7886045738822691       -5.2026079138909869E-003
   8.7976023226694515       -5.1919714202270572E-003
   8.8163683850536216       -5.1698922238813940E-003
   8.8483776606380982       -5.1325553947689532E-003
   8.8907938975639222       -5.0836993809343992E-003
   8.9398492518997177       -5.0280612034667846E-003
   8.9911852308589015       -4.9708087819855138E-003
   9.0402405851946970       -4.9170086220541379E-003
   9.0826568221205211       -4.8711907486769035E-003
   9.1146660977049976       -4.8370371118053625E-003
   9.1334321600891677       -4.8171806359837656E-003
   9.1424299088763483       -4.8077034066849799E-003
   9.1611959712605184       -4.7880270989215613E-003
   9.1932052468449950       -4.7547428505809600E-003
   9.2356214837708190       -4.7111691337787497E-003
   9.2846768381066145       -4.6615179615517952E-003
   9.3360128170657983       -4.6103942832175365E-003
   9.3850681714015938       -4.5623235724100812E-003
   9.4274844083274179       -4.5213622187207994E-003
   9.4594936839118944       -4.4908149883639533E-003
   9.4782597462960645       -4.4730498103078449E-003
   9.4872574950832451       -4.4645693209466129E-003
   9.5060235574674152       -4.4469594996559940E-003
   9.5380328330518918       -4.4171619294066889E-003
   9.5804490699777158       -4.3781356519376462E-003
   9.6295044243135113       -4.3336424080654525E-003
   9.6808404032726951       -4.2878030181446704E-003
   9.7298957576084906       -4.2446762539369038E-003
   9.7723119945343146       -4.2079086068393008E-003
   9.8043212701187912       -4.1804773894697873E-003
   9.8230873325029613       -4.1645198477727472E-003
   9.8320850812901419       -4.1569010858666013E-003
   9.8508511436743120       -4.1410782173741372E-003
   9.8828604192587886       -4.1142968509277561E-003
   9.9252766561846126       -4.0792066261557706E-003
   9.9743320105204081       -4.0391809186963046E-003
   10.025667989479592       -3.9979219362240312E-003
   10.074723343815387       -3.9590837462732120E-003
   10.117139580741211       -3.9259563173779663E-003
   10.149148856325688       -3.9012313183377470E-003
   10.167914918709858       -3.8868442603364980E-003
   10.176912667497039       -3.8799743206918797E-003
   10.195678729881209       -3.8657045827543081E-003
   10.227688005465685       -3.8415456969642411E-003
   10.270104242391509       -3.8098795280874787E-003
   10.319159596727305       -3.7737427174162987E-003
   10.370495575686489       -3.7364736635541089E-003
   10.419550930022284       -3.7013737699720869E-003
   10.461967166948108       -3.6714214516456165E-003
   10.493976442532585       -3.6490580873764101E-003
   10.512742504916755       -3.6360420105534378E-003
   10.521740253703936       -3.6298258898267155E-003
   10.540506316088106       -3.6169124870655696E-003
   10.572515591672582       -3.5950445620397203E-003
   10.614931828598406       -3.5663710669640311E-003
   10.663987182934202       -3.5336352429227889E-003
   10.715323161893386       -3.4998578045085638E-003
   10.764378516229181       -3.4680314320757453E-003
   10.806794753155005       -3.4408610890125473E-003
   10.838804028739482       -3.4205679205034476E-003
   10.857570091123652       -3.4087540215524599E-003
   10.866567839910832       -3.4031113173152226E-003
   10.885333902295002       -3.3913876622227294E-003
   10.917343177879479       -3.3715299515148971E-003
   10.959759414805303       -3.3454835986247099E-003
   11.008814769141098       -3.3157350306830297E-003
   11.060150748100282       -3.2850263223733280E-003
   11.109206102436078       -3.2560787387702714E-003
   11.151622339361902       -3.2313562464293235E-003
   11.183631614946378       -3.2128854392638375E-003
   11.202397677330548       -3.2021301154032257E-003
   11.211395426117729       -3.1969924140392682E-003
   11.230161488501899       -3.1863167292557268E-003
   11.262170764086376       -3.1682302071583228E-003
   11.304587001012200       -3.1444996118749511E-003
   11.353642355347995       -3.1173856168625960E-003
   11.404978334307179       -3.0893848849178297E-003
   11.454033688642975       -3.0629791062791582E-003
   11.496449925568799       -3.0404190328959949E-003
   11.528459201153275       -3.0235587569219704E-003
   11.547225263537445       -3.0137392227917452E-003
   11.556223012324626       -3.0090480167247339E-003
   11.574989074708796       -2.9992990298696280E-003
   11.606998350293273       -2.9827791671852236E-003
   11.649414587219097       -2.9610977450846643E-003
   11.698469941554892       -2.9363161891577771E-003
   11.749805920514076       -2.9107141712865436E-003
   11.798861274849871       -2.8865611135507974E-003
   11.841277511775695       -2.8659184470547221E-003
   11.873286787360172       -2.8504867777631362E-003
   11.892052849744342       -2.8414975465593855E-003
   11.901050598531523       -2.8372025616856681E-003
   11.919816660915693       -2.8282760471413288E-003
   11.951825936500169       -2.8131470052449384E-003
   11.994242173425993       -2.7932854546714576E-003
   12.043297527761789       -2.7705763025164133E-003
   12.094633506720973       -2.7471066543050216E-003
   12.143688861056768       -2.7249571897320752E-003
   12.186105097982592       -2.7060206592042059E-003
   12.218114373567069       -2.6918606510642042E-003
   12.236880435951239       -2.6836106905204146E-003
   12.245878184738421       -2.6796685340528428E-003
   12.264644247122591       -2.6714745165057185E-003
   12.296653522707066       -2.6575844501947211E-003
   12.339069759632890       -2.6393446663014230E-003
   12.388125113968686       -2.6184831337278404E-003
   12.439461092927870       -2.5969154753695736E-003
   12.488516447263665       -2.5765539844074532E-003
   12.530932684189489       -2.5591406342982516E-003
   12.562941959773964       -2.5461163155701010E-003
   12.581708022158134       -2.5385267348357883E-003
   12.590705770945315       -2.5348997952859323E-003
   12.609471833329486       -2.5273602741699461E-003
   12.641481108913961       -2.5145775077554662E-003
   12.683897345839785       -2.4977876247521385E-003
   12.732952700175581       -2.4785785962146293E-003
   12.784288679134765       -2.4587128388152716E-003
   12.833344033470560       -2.4399519440653876E-003
   12.875760270396384       -2.4239026996471752E-003
   12.907769545980859       -2.4118957968467703E-003
   12.926535608365031       -2.4048979539566264E-003
   12.935533357152211       -2.4015535009222115E-003
   12.954299419536383       -2.3946005877597113E-003
   12.986308695120858       -2.3828104836843243E-003
   13.028724932046682       -2.3673208124611843E-003
   13.077780286382477       -2.3495942633511521E-003
   13.129116265341661       -2.3312559526192734E-003
   13.178171619677457       -2.3139321935811579E-003
   13.220587856603281       -2.2991082159627353E-003
   13.252597132187756       -2.2880154599319020E-003
   13.271363194571927       -2.2815494046870715E-003
   13.280360943359108       -2.2784588480211127E-003
   13.299127005743280       -2.2720332332108882E-003
   13.331136281327755       -2.2611356134856256E-003
   13.373552518253579       -2.2468152944730576E-003
   13.422607872589374       -2.2304225167024323E-003
   13.473943851548558       -2.2134589907573787E-003
   13.522999205884354       -2.1974292520713758E-003
   13.565415442810178       -2.1837089261130121E-003
   13.597424718394652       -2.1734398246038089E-003
   13.616190780778824       -2.1674530106125436E-003
   13.625188529566005       -2.1645912875233354E-003
   13.643954591950177       -2.1586409716301972E-003
   13.675963867534652       -2.1485479833076981E-003
   13.718380104460476       -2.1352822142003767E-003
   13.767435458796271       -2.1200926879342491E-003
   13.818771437755455       -2.1043698905351452E-003
   13.867826792091250       -2.0895084373617348E-003
   13.910243029017074       -2.0767848699488945E-003
   13.942252304601549       -2.0672598566311984E-003
   13.961018366985721       -2.0617060706225277E-003
   13.970016115772902       -2.0590511360669230E-003
   13.988782178157074       -2.0535303747229810E-003
   14.020791453741548       -2.0441647141252635E-003
   14.063207690667372       -2.0318524423469536E-003
   14.112263045003168       -2.0177512304969634E-003
   14.163599023962352       -2.0031510549668114E-003
   14.212654378298147       -1.9893470603634927E-003
   14.255070615223971       -1.9775259925567282E-003
   14.287079890808446       -1.9686748814678858E-003
   14.305845953192618       -1.9635133489786663E-003
   14.314843701979798       -1.9610457499230349E-003
   14.333609764363969       -1.9559141722062124E-003
   14.365619039948443       -1.9472076006184567E-003
   14.408035276874267       -1.9357595935794710E-003
   14.457090631210063       -1.9226451615569073E-003
   14.508426610169247       -1.9090632267552417E-003
   14.557481964505042       -1.8962186999056747E-003
   14.599898201430866       -1.8852167565285166E-003
   14.631907477015341       -1.8769774456936445E-003
   14.650673539399511       -1.8721720806908417E-003
   14.659671288186694       -1.8698745988292465E-003
   14.678437350570864       -1.8650964672724379E-003
   14.710446626155340       -1.8569885646860711E-003
   14.752862863081164       -1.8463257887660599E-003
   14.801918217416960       -1.8341081719840482E-003
   14.853254196376144       -1.8214519518401585E-003
   14.902309550711939       -1.8094799945545762E-003
   14.944725787637763       -1.7992232103034899E-003
   14.976735063222240       -1.7915405896542244E-003
   14.995501125606410       -1.7870593622145963E-003

   5.0044988743935912       0.92457370824699769     
   5.0232649367777613       0.92502243048881461     
   5.0552742123622370       0.92578265836715534     
   5.0976904492880610       0.92678013005336524     
   5.1467458036238565       0.92791979982933581     
   5.1980817825830403       0.92909668975887838     
   5.2471371369188358       0.93020646511249816     
   5.2895533738446598       0.93115453447028562     
   5.3215626494291355       0.93186301674155980     
   5.3403287118133056       0.93227561602730391     
   5.3493264606004880       0.93247272510371026     
   5.3680925229846581       0.93288233033563772     
   5.4001017985691337       0.93357636565646340     
   5.4425180354949578       0.93448714801166177     
   5.4915733898307533       0.93552800621167820     
   5.5429093687899371       0.93660313903949477     
   5.5919647231257326       0.93761723836466260     
   5.6343809600515566       0.93848379788027714     
   5.6663902356360323       0.93913150982231408     
   5.6851562980202024       0.93950877550080003     
   5.6941540468073848       0.93968901996237175     
   5.7129201091915549       0.94006361117545389     
   5.7449293847760314       0.94069841814087485     
   5.7873456217018546       0.94153166959391699     
   5.8364009760376501       0.94248420282696954     
   5.8877369549968339       0.94346842493741390     
   5.9367923093326294       0.94439708485195140     
   5.9792085462584526       0.94519088121560546     
   6.0112178218429291       0.94578435762018387     
   6.0299838842270992       0.94613009404673054     
   6.0389816330142807       0.94629529087202446     
   6.0577476953984508       0.94663864273454779     
   6.0897569709829265       0.94722061296014159     
   6.1321732079087505       0.94798471120636685     
   6.1812285622445460       0.94885847612479302     
   6.2325645412037298       0.94976163479533238     
   6.2816198955395253       0.95061411704740406     
   6.3240361324653493       0.95134304127518543     
   6.3560454080498250       0.95188816488862593     
   6.3748114704339951       0.95220579204029820     
   6.3838092192211775       0.95235757342570770     
   6.4025752816053476       0.95267307431020365     
   6.4345845571898233       0.95320793807736537     
   6.4770007941156473       0.95391038088535107     
   6.5260561484514428       0.95471391338521772     
   6.5773921274106266       0.95554478650566854     
   6.6264474817464221       0.95632933197535674     
   6.6688637186722461       0.95700039461104658     
   6.7008729942567218       0.95750238579072211     
   6.7196390566408919       0.95779493631854118     
   6.7286368054280734       0.95793474904493459     
   6.7474028678122435       0.95822540127631028     
   6.7794121433967200       0.95871823262775346     
   6.8218283803225432       0.95936565302650811     
   6.8708837346583387       0.96010649667863424     
   6.9222197136175225       0.96087283361809495     
   6.9712750679533180       0.96159671074794761     
   7.0136913048791412       0.96221609027985489     
   7.0457005804636177       0.96267954713564130     
   7.0644666428477878       0.96294969122392648     
   7.0734643916349702       0.96307880890499264     
   7.0922304540191403       0.96334725496361950     
   7.1242397296036160       0.96380251833779562     
   7.1666559665294400       0.96440074986142710     
   7.2157113208652355       0.96508553570996047     
   7.2670472998244193       0.96579414513148798     
   7.3161026541602148       0.96646373733827395     
   7.3585188910860388       0.96703685811639595     
   7.3905281666705145       0.96746581654093755     
   7.4092942290546846       0.96771589753622023     
   7.4182919778418670       0.96783543780638259     
   7.4370580402260371       0.96808399638060416     
   7.4690673158105128       0.96850560869057301     
   7.5114835527363368       0.96905976861862786     
   7.5605389070721323       0.96969431256777694     
   7.6118748860313161       0.97035116529582621     
   7.6609302403671116       0.97097206988127360     
   7.7033464772929356       0.97150368792312780     
   7.7353557528774113       0.97190168642081209     
   7.7541218152615814       0.97213375884242159     
   7.7631195640487638       0.97224470157833309     
   7.7818856264329339       0.97247540555417911     
   7.8138949020174095       0.97286680091828681     
   7.8563111389432336       0.97338137584641549     
   7.9053664932790291       0.97397077720702274     
   7.9567024722382129       0.97458110872513004     
   8.0057578265740084       0.97515823408401126     
   8.0481740634998324       0.97565252045759732     
   8.0801833390843072       0.97602266261621740     
   8.0989494014684791       0.97623852858873705     
   8.1079471502556597       0.97634173332516461     
   8.1267132126398316       0.97655636599762707     
   8.1587224882243063       0.97692055714518211     
   8.2011387251501304       0.97739948362641405     
   8.2501940794859259       0.97794821729304982     
   8.3015300584451097       0.97851662289999952     
   8.3505854127809052       0.97905427815060142     
   8.3930016497067292       0.97951489541960435     
   8.4250109252912040       0.97985990693750791     
   8.4437769876753759       0.98006114935553479     
   8.4527747364625565       0.98015737111587820     
   8.4715407988467266       0.98035749905683112     
   8.5035500744312014       0.98069713292357064     
   8.5459663113570254       0.98114387022328609     
   8.5950216656928209       0.98165586950268346     
   8.6463576446520047       0.98218638946962944     
   8.6954129989878002       0.98268836436495555     
   8.7378292359136243       0.98311853452895948     
   8.7698385114980990       0.98344081377561032     
   8.7886045738822691       0.98362882566187493     
   8.7976023226694515       0.98371872896007262     
   8.8163683850536216       0.98390573106613388     
   8.8483776606380982       0.98422313785804105     
   8.8907938975639222       0.98464073203355251     
   8.9398492518997177       0.98511946142938978     
   8.9911852308589015       0.98561565565651232     
   9.0402405851946970       0.98608529049093308     
   9.0826568221205211       0.98648785431157981     
   9.1146660977049976       0.98678951641631985     
   9.1334321600891677       0.98696552649885549     
   9.1424299088763483       0.98704969753220007     
   9.1611959712605184       0.98722479030774679     
   9.1932052468449950       0.98752202617059759     
   9.2356214837708190       0.98791316573546806     
   9.2846768381066145       0.98836168409105229     
   9.3360128170657983       0.98882669678706669     
   9.3850681714015938       0.98926694288552719     
   9.4274844083274179       0.98964441116695556     
   9.4594936839118944       0.98992732609827394     
   9.4782597462960645       0.99009242088995464     
   9.4872574950832451       0.99017137806170397     
   9.5060235574674152       0.99033563743279196     
   9.5380328330518918       0.99061452124981553     
   9.5804490699777158       0.99098158514692991     
   9.6295044243135113       0.99140260002301006     
   9.6808404032726951       0.99183921536488284     
   9.7298957576084906       0.99225268710120351     
   9.7723119945343146       0.99260728476415772     
   9.8043212701187912       0.99287311004381884     
   9.8230873325029613       0.99302825280584051     
   9.8320850812901419       0.99310245576149048     
   9.8508511436743120       0.99325683580592161     
   9.8828604192587886       0.99351898078566370     
   9.9252766561846126       0.99386407955456280     
   9.9743320105204081       0.99425999387533504     
   10.025667989479592       0.99467068373636669     
   10.074723343815387       0.99505970312430803     
   10.117139580741211       0.99539340697740919     
   10.149148856325688       0.99564361571096738     
   10.167914918709858       0.99578966269945202     
   10.176912667497039       0.99585952006792500     
   10.195678729881209       0.99600486905998575     
   10.227688005465685       0.99625170979276390     
   10.270104242391509       0.99657672082681104     
   10.319159596727305       0.99694967282382496     
   10.370495575686489       0.99733663763927471     
   10.419550930022284       0.99770327250870317     
   10.461967166948108       0.99801784358397971     
   10.493976442532585       0.99825374845656600     
   10.512742504916755       0.99839146283041258     
   10.521740253703936       0.99845733885083754     
   10.540506316088106       0.99859441299621599     
   10.572515591672582       0.99882722861544648     
   10.614931828598406       0.99913382634348358     
   10.663987182934202       0.99948572375019562     
   10.715323161893386       0.99985092750250504     
   10.764378516229181        1.0001970241842972     
   10.806794753155005        1.0004940354236549     
   10.838804028739482        1.0007168092472305     
   10.857570091123652        1.0008468729778559     
   10.866567839910832        1.0009090931744729     
   10.885333902295002        1.0010385683726668     
   10.917343177879479        1.0012585023911762     
   10.959759414805303        1.0015481841288949     
   11.008814769141098        1.0018807334730744     
   11.060150748100282        1.0022259336663459     
   11.109206102436078        1.0025531450008143     
   11.151622339361902        1.0028340049851572     
   11.183631614946378        1.0030446983113779     
   11.202397677330548        1.0031677223926407     
   11.211395426117729        1.0032265784400298     
   11.230161488501899        1.0033490603691124     
   11.262170764086376        1.0035571376880679     
   11.304587001012200        1.0038312458082213     
   11.353642355347995        1.0041459775383748     
   11.404978334307179        1.0044727509159050     
   11.454033688642975        1.0047825602893541     
   11.496449925568799        1.0050485336073534     
   11.528459201153275        1.0052480898491201     
   11.547225263537445        1.0053646230642324     
   11.556223012324626        1.0054203769652261     
   11.574989074708796        1.0055364097425687     
   11.606998350293273        1.0057335512606214     
   11.649414587219097        1.0059932922391241     
   11.698469941554892        1.0062915823157521     
   11.749805920514076        1.0066013469655624     
   11.798861274849871        1.0068950889769763     
   11.841277511775695        1.0071473137429414     
   11.873286787360172        1.0073365821823899     
   11.892052849744342        1.0074471186466307     
   11.901050598531523        1.0075000063271344     
   11.919816660915693        1.0076100799620287     
   11.951825936500169        1.0077971151485707     
   11.994242173425993        1.0080435759602000     
   12.043297527761789        1.0083266644478426     
   12.094633506720973        1.0086206988436683     
   12.143688861056768        1.0088995771121116     
   12.186105097982592        1.0091390800647351     
   12.218114373567069        1.0093188270676443     
   12.236880435951239        1.0094238127321569     
   12.245878184738421        1.0094740471411152     
   12.264644247122591        1.0095786039620762     
   12.296653522707066        1.0097562817025385     
   12.339069759632890        1.0099904439668939     
   12.388125113968686        1.0102594510800389     
   12.439461092927870        1.0105389105203357     
   12.488516447263665        1.0108040130642499     
   12.530932684189489        1.0110317226107159     
   12.562941959773964        1.0112026413173698     
   12.581708022158134        1.0113024795903753     
   12.590705770945315        1.0113502533793224     
   12.609471833329486        1.0114496935902704     
   12.641481108913961        1.0116186915631733     
   12.683897345839785        1.0118414437787473     
   12.732952700175581        1.0120973837635454     
   12.784288679134765        1.0123633145983497     
   12.833344033470560        1.0126156271500684     
   12.875760270396384        1.0128323846625871     
   12.907769545980859        1.0129951033825515     
   12.926535608365031        1.0130901599996518     
   12.935533357152211        1.0131356478445470     
   12.954299419536383        1.0132303343397258     
   12.986308695120858        1.0133912671442018     
   13.028724932046682        1.0136034152950553     
   13.077780286382477        1.0138472084684431     
   13.129116265341661        1.0141005604423050     
   13.178171619677457        1.0143409780036590     
   13.220587856603281        1.0145475476269312     
   13.252597132187756        1.0147026371292300     
   13.271363194571927        1.0147932443836503     
   13.280360943359108        1.0148366050017781     
   13.299127005743280        1.0149268675487344     
   13.331136281327755        1.0150802937666485     
   13.373552518253579        1.0152825705411963     
   13.422607872589374        1.0155150537581741     
   13.473943851548558        1.0157566907455051     
   13.522999205884354        1.0159860276420567     
   13.565415442810178        1.0161831048293410     
   13.597424718394652        1.0163310846892866     
   13.616190780778824        1.0164175451154038     
   13.625188529566005        1.0164589230217902     
   13.643954591950177        1.0165450619044865     
   13.675963867534652        1.0166914902522333     
   13.718380104460476        1.0168845630758796     
   13.767435458796271        1.0171064988530307     
   13.818771437755455        1.0173372082186849     
   13.867826792091250        1.0175562068696160     
   13.910243029017074        1.0177444258308486     
   13.942252304601549        1.0178857699694426     
   13.961018366985721        1.0179683595582985     
   13.970016115772902        1.0180078865991140     
   13.988782178157074        1.0180901757987961     
   14.020791453741548        1.0182300704995275     
   14.063207690667372        1.0184145485512703     
   14.112263045003168        1.0186266330388889     
   14.163599023962352        1.0188471338203917     
   14.212654378298147        1.0190564724071582     
   14.255070615223971        1.0192364126239519     
   14.287079890808446        1.0193715541545851     
   14.305845953192618        1.0194505251678065     
   14.314843701979798        1.0194883218623971     
   14.333609764363969        1.0195670118417484     
   14.365619039948443        1.0197007973284413     
   14.408035276874267        1.0198772376851168     
   14.457090631210063        1.0200801076504482     
   14.508426610169247        1.0202910577278228     
   14.557481964505042        1.0204913569163394     
   14.599898201430866        1.0206635488547402     
   14.631907477015341        1.0207928843341938     
   14.650673539399511        1.0208684677725042     
   14.659671288186694        1.0209046444907979     
   14.678437350570864        1.0209799646368145     
   14.710446626155340        1.0211080296795667     
   14.752862863081164        1.0212769427092940     
   14.801918217416960        1.0214711816684054     
   14.853254196376144        1.0216731840620834     
   14.902309550711939        1.0218650129094884     
   14.944725787637763        1.0220299430413464     
   14.976735063222240        1.0221538362072797     
   14.995501125606410        1.0222262439811953     


